jue, 16 may 2024 22:56:58
Tiempo total del proceso: 0

Coordenadas objeto 1: 
Tiempo      X(px)      Y(px)      X(cm)      Y(cm)      Dist. centro (px)      Dist. centro (cm)
0.0 -16 5 -2.2288 0.6965 16 2.2288
0.03 0 5 0.0 0.6964 5 0.6964
0.07 13 5 1.8109 0.6965 13 1.8109
0.1 29 6 4.0396 0.8358 29 4.0396
0.13 42 5 5.8505 0.6965 42 5.8505
0.17 54 8 7.5221 1.1144 54 7.5221
0.2 85 12 11.8403 1.6716 85 11.8403
0.23 97 15 13.5119 2.0895 98 13.6512
0.27 101 16 14.0691 2.2288 102 14.2084
0.3 92 15 12.8154 2.0895 93 12.9547
0.33 77 13 10.726 1.8109 78 10.8653
0.37 54 9 7.521 1.2535 54 7.521
0.4 13 5 1.8109 0.6965 13 1.8109
0.43 -18 4 -2.5074 0.5572 18 2.5074
0.47 -44 4 -6.1291 0.5572 44 6.1291
0.5 -68 8 -9.4723 1.1144 68 9.4723
0.53 -86 10 -11.9812 1.3932 86 11.9812
0.57 -98 12 -13.6529 1.6718 98 13.6529
0.6 -102 12 -14.2102 1.6718 102 14.2102
0.63 -95 11 -13.2333 1.5323 95 13.2333
0.67 -82 9 -11.4224 1.2537 82 11.4224
0.7 -63 7 -8.7758 0.9751 63 8.7758
0.73 -41 5 -5.7112 0.6965 41 5.7112
0.77 -16 4 -2.2288 0.5572 16 2.2288
0.8 11 2 1.5264 0.2775 11 1.5264
0.83 36 5 4.9955 0.6938 36 4.9955
0.87 59 7 8.187 0.9713 59 8.187
0.9 77 11 10.726 1.5323 77 10.726
0.93 92 14 12.8154 1.9502 93 12.9547
0.97 93 15 12.9547 2.0895 94 13.094
1.0 86 14 11.9796 1.9502 87 12.1189
1.03 72 12 10.0295 1.6716 72 10.0295
1.07 51 9 7.1042 1.2537 51 7.1042
1.1 26 7 3.6218 0.9751 26 3.6218
1.13 0 6 0.0 0.8358 6 0.8358
1.17 -27 6 -3.7611 0.8358 27 3.7611
1.2 -50 6 -6.9639 0.8357 50 6.9639
1.23 -69 7 -9.6116 0.9751 69 9.6116
1.27 -84 8 -11.6994 1.1142 84 11.6994
1.3 -92 11 -12.8136 1.5321 92 12.8136
1.33 -90 10 -12.4869 1.3874 90 12.4869
1.37 -82 9 -11.377 1.2487 82 11.377
1.4 -70 7 -9.7146 0.9715 70 9.7146
1.43 -51 5 -7.0769 0.6938 51 7.0769
1.47 -30 4 -4.1629 0.5551 30 4.1629
1.5 -6 3 -0.8325 0.4162 6 0.8325
1.53 21 3 2.914 0.4163 21 2.914
1.57 43 5 5.9668 0.6938 43 5.9668
1.6 69 10 9.6116 1.393 69 9.6116
1.63 82 12 11.4667 1.678 82 11.4667
1.67 86 13 11.9796 1.8109 86 11.9796
1.7 83 13 11.5617 1.8109 84 11.701
1.73 74 12 10.3081 1.6716 74 10.3081
1.77 59 10 8.2186 1.393 59 8.2186
1.8 38 8 5.2933 1.1144 38 5.2933
1.83 14 6 1.9502 0.8358 15 2.0895
1.87 -11 5 -1.5382 0.6992 12 1.678
1.9 -35 5 -4.8943 0.6992 35 4.8943
1.93 -62 6 -8.6365 0.8358 62 8.6365
1.97 -77 7 -10.726 0.9751 77 10.726
2.0 -83 7 -11.5617 0.9751 83 11.5617
2.03 -85 8 -11.8403 1.1144 85 11.8403
2.07 -81 7 -11.2832 0.9751 81 11.2832
2.1 -70 6 -9.7509 0.8358 70 9.7509
2.13 -55 5 -7.6614 0.6965 55 7.6614
2.17 -38 4 -5.2933 0.5572 38 5.2933
2.2 -16 2 -2.2288 0.2786 16 2.2288
2.23 15 3 2.0897 0.4179 15 2.0897
2.27 36 6 5.0147 0.8358 36 5.0147
2.3 54 7 7.5221 0.9751 54 7.5221
2.33 69 10 9.5747 1.3876 69 9.5747
2.37 78 11 10.8235 1.5264 78 10.8235
2.4 79 13 11.0046 1.8109 80 11.1439
2.43 73 12 10.1688 1.6716 73 10.1688
2.47 62 11 8.6365 1.5323 62 8.6365
2.5 47 9 6.5724 1.2585 47 6.5724
2.53 26 7 3.6358 0.9789 26 3.6358
2.57 -7 5 -0.9789 0.6992 8 1.1187
2.6 -29 5 -4.0553 0.6992 29 4.0553
2.63 -48 5 -6.7122 0.6992 48 6.7122
2.67 -62 7 -8.6365 0.9751 62 8.6365
2.7 -73 7 -10.2081 0.9789 73 10.2081
2.73 -79 7 -11.0046 0.9751 79 11.0046
2.77 -78 7 -10.8653 0.9751 78 10.8653
2.8 -70 8 -9.7509 1.1144 70 9.7509
2.83 -61 7 -8.4972 0.9751 61 8.4972
2.87 -46 5 -6.4077 0.6965 46 6.4077
2.9 -27 4 -3.7461 0.555 27 3.7461
2.93 4 3 0.555 0.4162 5 0.6937
2.97 23 4 3.1911 0.555 23 3.1911
3.0 41 6 5.6885 0.8325 41 5.6885
3.03 57 8 7.9095 1.1101 57 7.9095
3.07 68 10 9.4723 1.393 68 9.4723
3.1 73 11 10.1688 1.5323 73 10.1688
3.13 72 12 10.0295 1.6716 72 10.0295
3.17 65 11 9.0544 1.5323 65 9.0544
3.2 52 10 7.2435 1.393 52 7.2435
3.23 36 8 5.0147 1.1144 36 5.0147
3.27 16 7 2.2288 0.9751 17 2.3681
3.3 -15 5 -2.0895 0.6965 15 2.0895
3.33 -35 5 -4.8754 0.6965 35 4.8754
3.37 -50 6 -6.9649 0.8358 50 6.9649
3.4 -62 6 -8.6365 0.8358 62 8.6365
3.43 -70 8 -9.7509 1.1144 70 9.7509
3.47 -71 7 -9.8522 0.9713 71 9.8522
3.5 -69 7 -9.5747 0.9713 69 9.5747
3.53 -62 5 -8.5704 0.6912 62 8.5704
3.57 -50 5 -6.9116 0.6912 50 6.9116
3.6 -37 3 -5.1146 0.4147 37 5.1146
3.63 -9 2 -1.2441 0.2765 9 1.2441
3.67 8 2 1.1059 0.2765 8 1.1059
3.7 29 4 4.0241 0.5551 29 4.0241
3.73 43 6 5.9898 0.8358 43 5.9898
3.77 56 9 7.7996 1.2535 56 7.7996
3.8 64 10 8.9151 1.393 64 8.9151
3.83 68 10 9.4359 1.3876 68 9.4359
3.87 65 10 9.0196 1.3876 65 9.0196
3.9 56 10 7.7707 1.3876 56 7.7707
3.93 34 8 4.7361 1.1144 34 4.7361
3.97 15 6 2.0895 0.8358 16 2.2288
4.0 -4 5 -0.5593 0.6992 6 0.839
4.03 -23 5 -3.2163 0.6992 23 3.2163
4.07 -40 5 -5.5719 0.6965 40 5.5719
4.1 -53 5 -7.3828 0.6965 53 7.3828
4.13 -64 6 -8.9151 0.8358 64 8.9151
4.17 -67 6 -9.333 0.8358 67 9.333
4.2 -65 6 -9.0544 0.8358 65 9.0544
4.23 -59 6 -8.2186 0.8358 59 8.2186
4.27 -48 4 -6.6606 0.5551 48 6.6606
4.3 -36 3 -4.9955 0.4163 36 4.9955
4.33 -19 2 -2.6365 0.2775 19 2.6365
4.37 6 2 0.8326 0.2775 6 0.8326
4.4 22 5 3.0646 0.6965 22 3.0646
4.43 38 7 5.2933 0.9751 38 5.2933
4.47 49 8 6.8256 1.1144 49 6.8256
4.5 58 10 8.0483 1.3876 58 8.0483
4.53 61 11 8.4645 1.5264 61 8.4645
4.57 59 12 8.187 1.6652 60 8.3258
4.6 52 10 7.2157 1.3876 52 7.2157
4.63 40 9 5.5505 1.2489 41 5.6893
4.67 25 7 3.4691 0.9713 25 3.4691
4.7 7 6 0.9713 0.8326 9 1.2489
4.73 -18 5 -2.4977 0.6938 18 2.4977
4.77 -34 4 -4.7179 0.5551 34 4.7179
4.8 -47 4 -6.547 0.5572 47 6.547
4.83 -56 5 -7.8007 0.6965 56 7.8007
4.87 -61 6 -8.4972 0.8358 61 8.4972
4.9 -61 6 -8.4972 0.8358 61 8.4972
4.93 -57 6 -7.94 0.8358 57 7.94
4.97 -51 5 -7.1042 0.6965 51 7.1042
5.0 -39 4 -5.4326 0.5572 39 5.4326
5.03 -28 3 -3.9003 0.4179 28 3.9003
5.07 -13 3 -1.8109 0.4179 13 1.8109
5.1 2 3 0.2786 0.4179 3 0.4179
5.13 19 3 2.6467 0.4179 19 2.6467
5.17 39 7 5.4537 0.9789 39 5.4537
5.2 50 9 6.9919 1.2585 50 6.9919
5.23 55 10 7.7209 1.4038 55 7.7209
5.27 55 11 7.7209 1.5442 56 7.8613
5.3 52 11 7.2715 1.5382 53 7.4114
5.33 43 10 5.9898 1.393 44 6.1291
5.37 33 8 4.5962 1.1142 33 4.5962
5.4 16 7 2.2285 0.9749 17 2.3677
5.43 1 6 0.1393 0.8357 6 0.8357
5.47 -15 5 -2.0892 0.6964 15 2.0892
5.5 -30 5 -4.1784 0.6964 30 4.1784
5.53 -43 5 -5.9898 0.6965 43 5.9898
5.57 -54 5 -7.5231 0.6966 54 7.5231
5.6 -58 4 -8.0175 0.5529 58 8.0175
5.63 -56 4 -7.741 0.5529 56 7.741
5.67 -52 5 -7.2157 0.6938 52 7.2157
5.7 -44 4 -6.1047 0.555 44 6.1047
5.73 -35 4 -4.856 0.555 35 4.856
5.77 -21 3 -2.9136 0.4162 21 2.9136
5.8 -6 3 -0.8357 0.4178 6 0.8357
5.83 9 4 1.2489 0.5551 9 1.2489
5.87 23 4 3.1916 0.5551 23 3.1916
5.9 35 6 4.8567 0.8326 35 4.8567
5.93 45 7 6.2443 0.9713 45 6.2443
5.97 51 9 7.0769 1.2489 51 7.0769
6.0 51 11 7.1042 1.5323 52 7.2435
6.03 45 10 6.2692 1.3932 46 6.4085
6.07 37 9 5.154 1.2537 38 5.2933
6.1 24 8 3.3432 1.1144 25 3.4825
6.13 9 6 1.2537 0.8358 10 1.393
6.17 -6 6 -0.8326 0.8326 8 1.1101
6.2 -20 4 -2.786 0.5572 20 2.786
6.23 -34 5 -4.7361 0.6965 34 4.7361
6.27 -44 5 -6.1291 0.6965 44 6.1291
6.3 -52 5 -7.2435 0.6965 52 7.2435
6.33 -53 4 -7.3544 0.5551 53 7.3544
6.37 -51 4 -7.0769 0.5551 51 7.0769
6.4 -47 4 -6.5219 0.5551 47 6.5219
6.43 -39 4 -5.4118 0.5551 39 5.4118
6.47 -29 3 -4.0241 0.4163 29 4.0241
6.5 -15 3 -2.0814 0.4163 15 2.0814
6.53 -2 3 -0.2775 0.4163 3 0.4163
6.57 11 5 1.5323 0.6965 12 1.6716
6.6 24 6 3.3432 0.8358 24 3.3432
6.63 35 7 4.8754 0.9751 35 4.8754
6.67 44 9 6.1291 1.2537 44 6.1291
6.7 46 10 6.4077 1.393 47 6.547
6.73 44 10 6.1291 1.393 45 6.2684
6.77 38 9 5.2933 1.2537 39 5.4326
6.8 28 8 3.9003 1.1144 29 4.0396
6.83 15 7 2.0895 0.9751 16 2.2288
6.87 3 5 0.4178 0.6964 5 0.6964
6.9 -10 5 -1.3928 0.6964 11 1.5321
6.93 -23 4 -3.2034 0.5571 23 3.2034
6.97 -35 5 -4.8747 0.6964 35 4.8747
7.0 -45 4 -6.2675 0.5571 45 6.2675
7.03 -49 5 -6.8246 0.6964 49 6.8246
7.07 -49 5 -6.8246 0.6964 49 6.8246
7.1 -46 5 -6.4068 0.6964 46 6.4068
7.13 -41 4 -5.7104 0.5571 41 5.7104
7.17 -34 4 -4.7355 0.5571 34 4.7355
7.2 -23 3 -3.1793 0.4147 23 3.1793
7.23 -10 4 -1.3874 0.555 10 1.3874
7.27 0 3 0.0 0.4163 3 0.4163
7.3 20 4 2.7753 0.5551 20 2.7753
7.33 32 6 4.4575 0.8358 32 4.4575
7.37 38 7 5.273 0.9713 38 5.273
7.4 44 8 6.1056 1.1101 44 6.1056
7.43 44 8 6.1056 1.1101 44 6.1056
7.47 40 8 5.5505 1.1101 40 5.5505
7.5 34 8 4.7179 1.1101 34 4.7179
7.53 22 7 3.0528 0.9713 23 3.1916
7.57 11 6 1.5264 0.8326 12 1.6652
7.6 -1 3 -0.1388 0.4163 3 0.4163
7.63 -14 3 -1.9427 0.4163 14 1.9427
7.67 -26 3 -3.6078 0.4163 26 3.6078
7.7 -37 4 -5.1342 0.5551 37 5.1342
7.73 -44 4 -6.1056 0.5551 44 6.1056
7.77 -47 5 -6.5219 0.6938 47 6.5219
7.8 -47 4 -6.5219 0.5551 47 6.5219
7.83 -42 4 -5.828 0.5551 42 5.828
7.87 -37 3 -5.1342 0.4163 37 5.1342
7.9 -28 4 -3.8854 0.5551 28 3.8854
7.93 -17 4 -2.359 0.5551 17 2.359
7.97 -6 4 -0.8325 0.555 7 0.9712
8.0 6 4 0.8325 0.555 7 0.9712
8.03 17 5 2.359 0.6938 17 2.359
8.07 26 7 3.6218 0.9751 26 3.6218
8.1 36 8 4.9955 1.1101 36 4.9955
8.13 41 9 5.6885 1.2487 41 5.6885
8.17 39 9 5.4118 1.2489 40 5.5505
8.2 36 9 4.9955 1.2489 37 5.1342
8.23 27 8 3.7466 1.1101 28 3.8854
8.27 17 7 2.3677 0.9749 18 2.507
8.3 6 6 0.8355 0.8355 8 1.1141
8.33 -7 5 -0.9712 0.6937 8 1.1099
8.37 -18 5 -2.4977 0.6938 18 2.4977
8.4 -28 4 -3.8848 0.555 28 3.8848
8.43 -37 5 -5.1335 0.6937 37 5.1335
8.47 -42 4 -5.8272 0.555 42 5.8272
8.5 -44 5 -6.1047 0.6937 44 6.1047
8.53 -43 4 -5.966 0.555 43 5.966
8.57 -39 5 -5.411 0.6937 39 5.411
8.6 -34 4 -4.7173 0.555 34 4.7173
8.63 -25 4 -3.4686 0.555 25 3.4686
8.67 -13 4 -1.8037 0.555 13 1.8037
8.7 -3 4 -0.4178 0.5571 5 0.6964
8.73 8 5 1.1099 0.6937 9 1.2487
8.77 20 6 2.7646 0.8294 20 2.7646
8.8 27 6 3.7466 0.8326 27 3.7466
8.83 37 9 5.1335 1.2487 38 5.2723
8.87 38 9 5.2723 1.2487 39 5.411
8.9 36 9 4.9955 1.2489 37 5.1342
8.93 30 7 4.1629 0.9713 30 4.1629
8.97 22 7 3.0528 0.9713 23 3.1916
9.0 12 6 1.6652 0.8326 13 1.8039
9.03 1 4 0.1388 0.5551 4 0.5551
9.07 -9 3 -1.2489 0.4163 9 1.2489
9.1 -20 4 -2.7753 0.5551 20 2.7753
9.13 -29 4 -4.0246 0.5551 29 4.0246
9.17 -36 4 -4.9955 0.5551 36 4.9955
9.2 -41 3 -5.6893 0.4163 41 5.6893
9.23 -41 5 -5.7112 0.6965 41 5.7112
9.27 -40 4 -5.5719 0.5572 40 5.5719
9.3 -37 4 -5.154 0.5572 37 5.154
9.33 -29 4 -4.0241 0.5551 29 4.0241
9.37 -18 3 -2.4977 0.4163 18 2.4977
9.4 -9 3 -1.2489 0.4163 9 1.2489
9.43 2 3 0.2764 0.4146 3 0.4146
9.47 12 4 1.6588 0.5529 12 1.6588
9.5 21 6 2.9253 0.8358 21 2.9253
9.53 31 6 4.3017 0.8326 31 4.3017
9.57 37 7 5.1342 0.9713 37 5.1342
9.6 37 7 5.1342 0.9713 37 5.1342
9.63 34 8 4.7173 1.1099 34 4.7173
9.67 27 6 3.7466 0.8326 27 3.7466
9.7 17 6 2.3593 0.8327 18 2.498
9.73 7 5 0.9715 0.6939 8 1.1102
9.77 -3 4 -0.4163 0.5551 5 0.6939
9.8 -12 3 -1.6652 0.4163 12 1.6652
9.83 -29 4 -4.0402 0.5573 29 4.0402
9.87 -35 5 -4.8761 0.6966 35 4.8761
9.9 -38 5 -5.273 0.6938 38 5.273
9.93 -40 5 -5.5505 0.6938 40 5.5505
9.97 -39 5 -5.4118 0.6938 39 5.4118
10.0 -37 4 -5.1342 0.5551 37 5.1342
10.03 -34 5 -4.7361 0.6965 34 4.7361
10.07 -25 5 -3.4825 0.6965 25 3.4825
10.1 -16 5 -2.2288 0.6965 16 2.2288
10.13 -6 5 -0.8327 0.6939 7 0.9715
10.17 4 5 0.5572 0.6965 6 0.8358
10.2 15 5 2.0814 0.6938 15 2.0814
10.23 27 7 3.7611 0.9751 27 3.7611
10.27 32 8 4.4575 1.1144 32 4.4575
10.3 35 9 4.8754 1.2537 36 5.0147
10.33 34 8 4.7361 1.1144 34 4.7361
10.37 30 8 4.1795 1.1145 31 4.3188
10.4 22 7 3.0646 0.9751 23 3.2039
10.43 14 6 1.9502 0.8358 15 2.0895
10.47 4 5 0.5572 0.6965 6 0.8358
10.5 -6 5 -0.8358 0.6965 7 0.9751
10.53 -21 4 -2.9253 0.5572 21 2.9253
10.57 -30 5 -4.1629 0.6938 30 4.1629
10.6 -36 3 -4.9955 0.4163 36 4.9955
10.63 -38 3 -5.273 0.4163 38 5.273
10.67 -38 4 -5.273 0.5551 38 5.273
10.7 -37 4 -5.1342 0.5551 37 5.1342
10.73 -35 3 -4.8567 0.4163 35 4.8567
10.77 -30 3 -4.1629 0.4163 30 4.1629
10.8 -16 3 -2.2202 0.4163 16 2.2202
10.83 -6 3 -0.8326 0.4163 6 0.8326
10.87 4 4 0.5551 0.5551 5 0.6938
10.9 13 6 1.8041 0.8327 14 1.9429
10.93 21 6 2.9144 0.8327 21 2.9144
10.97 29 7 4.0241 0.9713 29 4.0241
11.0 33 8 4.5798 1.1102 33 4.5798
11.03 34 7 4.7179 0.9713 34 4.7179
11.07 31 6 4.3017 0.8326 31 4.3017
11.1 25 6 3.4695 0.8327 25 3.4695
11.13 17 6 2.3593 0.8327 18 2.498
11.17 4 4 0.5551 0.5551 5 0.6939
11.2 -5 4 -0.6938 0.5551 6 0.8326
11.23 -15 4 -2.0814 0.5551 15 2.0814
11.27 -23 5 -3.1916 0.6938 23 3.1916
11.3 -32 5 -4.4404 0.6938 32 4.4404
11.33 -35 5 -4.8567 0.6938 35 4.8567
11.37 -39 5 -5.4118 0.6938 39 5.4118
11.4 -38 5 -5.2933 0.6965 38 5.2933
11.43 -36 4 -4.9955 0.5551 36 4.9955
11.47 -32 4 -4.4404 0.5551 32 4.4404
11.5 -24 4 -3.3303 0.5551 24 3.3303
11.53 -16 4 -2.2199 0.555 16 2.2199
11.57 -2 4 -0.2775 0.555 4 0.555
11.6 7 4 0.9713 0.5551 8 1.1101
11.63 16 5 2.2202 0.6938 16 2.2202
11.67 23 6 3.1916 0.8326 23 3.1916
11.7 29 6 4.0241 0.8326 29 4.0241
11.73 32 6 4.4404 0.8326 32 4.4404
11.77 32 6 4.4404 0.8326 32 4.4404
11.8 28 6 3.8854 0.8326 28 3.8854
11.83 23 5 3.1916 0.6938 23 3.1916
11.87 11 4 1.5264 0.5551 11 1.5264
11.9 1 3 0.1388 0.4163 3 0.4163
11.93 -8 3 -1.1101 0.4163 8 1.1101
11.97 -18 3 -2.4977 0.4163 18 2.4977
12.0 -25 5 -3.4691 0.6938 25 3.4691
12.03 -34 4 -4.7179 0.5551 34 4.7179
12.07 -37 4 -5.1342 0.5551 37 5.1342
12.1 -39 4 -5.4118 0.5551 39 5.4118
12.13 -37 4 -5.1342 0.5551 37 5.1342
12.17 -36 4 -4.9955 0.5551 36 4.9955
12.2 -31 4 -4.3017 0.5551 31 4.3017
12.23 -18 4 -2.4977 0.5551 18 2.4977
12.27 -9 4 -1.2489 0.5551 9 1.2489
12.3 1 4 0.1387 0.555 4 0.555
12.33 11 6 1.5262 0.8325 12 1.6649
12.37 18 7 2.507 0.9749 19 2.6463
12.4 26 7 3.6078 0.9713 26 3.6078
12.43 29 7 4.0396 0.9751 29 4.0396
12.47 31 7 4.3176 0.9749 31 4.3176
12.5 31 7 4.3176 0.9749 31 4.3176
12.53 26 6 3.6212 0.8357 26 3.6212
12.57 19 6 2.6463 0.8357 19 2.6463
12.6 11 5 1.5321 0.6964 12 1.6713
12.63 2 4 0.2786 0.5571 4 0.5571
12.67 -7 4 -0.9712 0.555 8 1.1099
12.7 -20 4 -2.7749 0.555 20 2.7749
12.73 -27 4 -3.7605 0.5571 27 3.7605
12.77 -34 5 -4.7355 0.6964 34 4.7355
12.8 -37 5 -5.1342 0.6938 37 5.1342
12.83 -37 4 -5.1342 0.5551 37 5.1342
12.87 -36 4 -4.9955 0.5551 36 4.9955
12.9 -33 5 -4.5785 0.6937 33 4.5785
12.93 -25 4 -3.4691 0.5551 25 3.4691
12.97 -17 4 -2.3586 0.555 17 2.3586
13.0 -9 4 -1.2489 0.5551 9 1.2489
13.03 0 5 0.0 0.6937 5 0.6937
13.07 10 5 1.3874 0.6937 11 1.5262
13.1 18 5 2.4977 0.6938 18 2.4977
13.13 26 6 3.6073 0.8325 26 3.6073
13.17 29 8 4.0246 1.1102 30 4.1634
13.2 28 8 3.9008 1.1145 29 4.0402
13.23 26 7 3.6078 0.9713 26 3.6078
13.27 22 6 3.0528 0.8326 22 3.0528
13.3 15 6 2.0814 0.8326 16 2.2202
13.33 7 5 0.9713 0.6938 8 1.1101
13.37 -2 5 -0.2775 0.6938 5 0.6938
13.4 -12 4 -1.6652 0.5551 12 1.6652
13.43 -21 4 -2.9253 0.5572 21 2.9253
13.47 -31 4 -4.3017 0.5551 31 4.3017
13.5 -35 4 -4.8567 0.5551 35 4.8567
13.53 -37 5 -5.1342 0.6938 37 5.1342
13.57 -36 5 -4.9955 0.6938 36 4.9955
13.6 -34 5 -4.7179 0.6938 34 4.7179
13.63 -29 5 -4.0241 0.6938 29 4.0241
13.67 -21 4 -2.914 0.5551 21 2.914
13.7 -13 4 -1.8039 0.5551 13 1.8039
13.73 -5 5 -0.6938 0.6938 7 0.9713
13.77 4 5 0.555 0.6937 6 0.8325
13.8 13 5 1.8037 0.6937 13 1.8037
13.83 22 6 3.0528 0.8326 22 3.0528
13.87 27 6 3.7466 0.8326 27 3.7466
13.9 29 7 4.0241 0.9713 29 4.0241
13.93 27 7 3.7471 0.9715 27 3.7471
13.97 24 6 3.3307 0.8327 24 3.3307
14.0 18 6 2.4977 0.8326 18 2.4977
14.03 10 5 1.3928 0.6964 11 1.5321
14.07 2 4 0.2786 0.5571 4 0.5571
14.1 -7 4 -0.9749 0.5571 8 1.1142
14.13 -15 4 -2.0892 0.5571 15 2.0892
14.17 -26 4 -3.6073 0.555 26 3.6073
14.2 -31 4 -4.3011 0.555 31 4.3011
14.23 -35 5 -4.856 0.6937 35 4.856
14.27 -36 4 -4.9948 0.555 36 4.9948
14.3 -35 4 -4.856 0.555 35 4.856
14.33 -31 4 -4.3011 0.555 31 4.3011
14.37 -26 4 -3.6073 0.555 26 3.6073
14.4 -18 4 -2.4977 0.5551 18 2.4977
14.43 -9 5 -1.2489 0.6938 10 1.3876
14.47 4 5 0.5551 0.6938 6 0.8326
14.5 11 5 1.5264 0.6938 12 1.6652
14.53 18 4 2.4977 0.5551 18 2.4977
14.57 24 6 3.3307 0.8327 24 3.3307
14.6 26 6 3.6083 0.8327 26 3.6083
14.63 28 7 3.8854 0.9713 28 3.8854
14.67 25 6 3.4691 0.8326 25 3.4691
14.7 21 6 2.914 0.8326 21 2.914
14.73 15 5 2.0814 0.6938 15 2.0814
14.77 6 5 0.8326 0.6938 7 0.9713
14.8 -6 3 -0.8326 0.4163 6 0.8326
14.83 -15 3 -2.0735 0.4147 15 2.0735
14.87 -21 3 -2.9025 0.4146 21 2.9025
14.9 -28 4 -3.87 0.5529 28 3.87
14.93 -34 4 -4.7173 0.555 34 4.7173
14.97 -36 5 -4.9948 0.6937 36 4.9948
15.0 -36 4 -4.9757 0.5529 36 4.9757
15.03 -34 5 -4.6992 0.6911 34 4.6992
15.07 -28 4 -3.8848 0.555 28 3.8848
15.1 -21 5 -2.9136 0.6937 21 2.9136
15.13 -14 4 -1.9424 0.555 14 1.9424
15.17 -5 5 -0.6937 0.6937 7 0.9712
15.2 7 5 0.9715 0.6939 8 1.1102
15.23 14 5 1.9429 0.6939 14 1.9429
15.27 20 6 2.7863 0.8359 20 2.7863
15.3 23 7 3.2043 0.9752 24 3.3436
15.33 25 7 3.4829 0.9752 25 3.4829
15.37 25 6 3.4825 0.8358 25 3.4825
15.4 22 6 3.0641 0.8357 22 3.0641
15.43 17 6 2.3586 0.8325 18 2.4974
15.47 10 5 1.3874 0.6937 11 1.5262
15.5 2 5 0.2775 0.6937 5 0.6937
15.53 -7 4 -0.9749 0.5571 8 1.1142
15.57 -19 4 -2.6463 0.5571 19 2.6463
15.6 -26 4 -3.594 0.5529 26 3.594
15.63 -30 5 -4.1623 0.6937 30 4.1623
15.67 -34 5 -4.7173 0.6937 34 4.7173
15.7 -35 4 -4.8567 0.5551 35 4.8567
15.73 -33 4 -4.5792 0.5551 33 4.5792
15.77 -29 4 -4.0241 0.5551 29 4.0241
15.8 -24 4 -3.3303 0.5551 24 3.3303
15.83 -17 4 -2.359 0.5551 17 2.359
15.87 -9 3 -1.2489 0.4163 9 1.2489
15.9 -2 4 -0.2775 0.5551 4 0.5551
15.93 11 4 1.5264 0.5551 11 1.5264
15.97 17 6 2.3586 0.8325 18 2.4974
16.0 22 6 3.0528 0.8326 22 3.0528
16.03 25 5 3.4691 0.6938 25 3.4691
16.07 25 6 3.4691 0.8326 25 3.4691
16.1 23 6 3.1916 0.8326 23 3.1916
16.13 19 5 2.6365 0.6938 19 2.6365
16.17 13 5 1.8039 0.6938 13 1.8039
16.2 5 5 0.6938 0.6938 7 0.9713
16.23 -7 4 -0.9713 0.5551 8 1.1101
16.27 -14 4 -1.9427 0.5551 14 1.9427
16.3 -21 5 -2.914 0.6938 21 2.914
16.33 -27 4 -3.7466 0.5551 27 3.7466
16.37 -32 5 -4.4404 0.6938 32 4.4404
16.4 -34 6 -4.7361 0.8358 34 4.7361
16.43 -34 6 -4.7173 0.8325 34 4.7173
16.47 -31 4 -4.3011 0.555 31 4.3011
16.5 -27 5 -3.7461 0.6937 27 3.7461
16.53 -19 4 -2.6361 0.555 19 2.6361
16.57 -13 4 -1.8039 0.5551 13 1.8039
16.6 -5 4 -0.6938 0.5551 6 0.8326
16.63 3 4 0.4163 0.5551 5 0.6938
16.67 13 5 1.8039 0.6938 13 1.8039
16.7 18 6 2.4977 0.8326 18 2.4977
16.73 21 7 2.9144 0.9715 22 3.0532
16.77 23 7 3.192 0.9715 24 3.3307
16.8 22 6 3.0532 0.8327 22 3.0532
16.83 19 6 2.6368 0.8327 19 2.6368
16.87 15 5 2.0817 0.6939 15 2.0817
16.9 9 5 1.249 0.6939 10 1.3878
16.93 1 5 0.1388 0.6939 5 0.6939
16.97 -7 5 -0.9715 0.6939 8 1.1102
17.0 -14 5 -1.9429 0.6939 14 1.9429
17.03 -21 5 -2.9144 0.6939 21 2.9144
17.07 -30 5 -4.1634 0.6939 30 4.1634
17.1 -32 5 -4.441 0.6939 32 4.441
17.13 -32 3 -4.4404 0.4163 32 4.4404
17.17 -31 5 -4.3011 0.6937 31 4.3011
17.2 -32 5 -4.4404 0.6938 32 4.4404
17.23 -25 5 -3.4691 0.6938 25 3.4691
17.27 -18 4 -2.4977 0.5551 18 2.4977
17.3 -9 5 -1.2439 0.6911 10 1.3821
17.33 -2 4 -0.2775 0.555 4 0.555
17.37 5 5 0.6937 0.6937 7 0.9712
17.4 12 6 1.6649 0.8325 13 1.8037
17.43 18 6 2.4974 0.8325 18 2.4974
17.47 21 7 2.9248 0.9749 22 3.0641
17.5 22 7 3.0524 0.9712 23 3.1911
17.53 22 7 3.0524 0.9712 23 3.1911
17.57 17 6 2.359 0.8326 18 2.4977
17.6 12 5 1.6654 0.6939 13 1.8041
17.63 5 5 0.6939 0.6939 7 0.9715
17.67 -2 4 -0.2776 0.5551 4 0.5551
17.7 -10 5 -1.3878 0.6939 11 1.5266
17.73 -17 4 -2.3593 0.5551 17 2.3593
17.77 -23 4 -3.192 0.5551 23 3.192
17.8 -28 4 -3.8859 0.5551 28 3.8859
17.83 -33 5 -4.5798 0.6939 33 4.5798
17.87 -33 5 -4.5792 0.6938 33 4.5792
17.9 -29 5 -4.0241 0.6938 29 4.0241
17.93 -24 4 -3.3303 0.5551 24 3.3303
17.97 -18 4 -2.4977 0.5551 18 2.4977
18.0 -13 5 -1.7968 0.6911 13 1.7968
18.03 -6 5 -0.8293 0.6911 7 0.9675
18.07 1 5 0.1382 0.6911 5 0.6911
18.1 8 6 1.1099 0.8325 10 1.3874
18.13 15 6 2.0814 0.8326 16 2.2202
18.17 20 6 2.7753 0.8326 20 2.7753
18.2 22 6 3.0528 0.8326 22 3.0528
18.23 21 6 2.914 0.8326 21 2.914
18.27 18 5 2.4977 0.6938 18 2.4977
18.3 14 6 1.9427 0.8326 15 2.0814
18.33 8 5 1.1101 0.6938 9 1.2489
18.37 1 5 0.1388 0.6938 5 0.6938
18.4 -5 4 -0.6911 0.5529 6 0.8293
18.43 -16 4 -2.2114 0.5529 16 2.2114
18.47 -22 4 -3.0524 0.555 22 3.0524
18.5 -25 4 -3.4686 0.555 25 3.4686
18.53 -28 4 -3.8848 0.555 28 3.8848
18.57 -30 5 -4.1629 0.6938 30 4.1629
18.6 -28 5 -3.8854 0.6938 28 3.8854
18.63 -25 5 -3.4691 0.6938 25 3.4691
18.67 -20 4 -2.7753 0.5551 20 2.7753
18.7 -15 4 -2.0814 0.5551 15 2.0814
18.73 -7 5 -0.9713 0.6938 8 1.1101
18.77 -1 5 -0.1388 0.6938 5 0.6938
18.8 5 4 0.6911 0.5529 6 0.8293
18.83 11 5 1.5203 0.6911 12 1.6586
18.87 16 5 2.2114 0.6911 16 2.2114
18.9 19 6 2.626 0.8293 19 2.626
18.93 20 6 2.7643 0.8293 20 2.7643
18.97 19 6 2.626 0.8293 19 2.626
19.0 16 6 2.2114 0.8293 17 2.3496
19.03 10 5 1.3821 0.6911 11 1.5203
19.07 4 5 0.5529 0.6911 6 0.8293
19.1 -3 5 -0.4146 0.6911 5 0.6911
19.13 -10 5 -1.3821 0.6911 11 1.5203
19.17 -16 5 -2.2114 0.6911 16 2.2114
19.2 -21 4 -2.914 0.5551 21 2.914
19.23 -25 4 -3.4691 0.5551 25 3.4691
19.27 -28 4 -3.8854 0.5551 28 3.8854
19.3 -28 4 -3.8705 0.5529 28 3.8705
19.33 -27 4 -3.7323 0.5529 27 3.7323
19.37 -23 4 -3.192 0.5551 23 3.192
19.4 -16 4 -2.2205 0.5551 16 2.2205
19.43 -11 4 -1.5266 0.5551 11 1.5266
19.47 -5 4 -0.6939 0.5551 6 0.8327
19.5 2 4 0.2775 0.5551 4 0.5551
19.53 8 5 1.1101 0.6938 9 1.2489
19.57 13 5 1.8037 0.6937 13 1.8037
19.6 16 5 2.2205 0.6939 16 2.2205
19.63 19 5 2.6368 0.6939 19 2.6368
19.67 18 5 2.498 0.6939 18 2.498
19.7 17 5 2.3593 0.6939 17 2.3593
19.73 14 5 1.9429 0.6939 14 1.9429
19.77 9 4 1.249 0.5551 9 1.249
19.8 2 4 0.2776 0.5551 4 0.5551
19.83 -7 4 -0.9715 0.5551 8 1.1102
19.87 -13 4 -1.8041 0.5551 13 1.8041
19.9 -18 4 -2.4977 0.5551 18 2.4977
19.93 -23 4 -3.1916 0.5551 23 3.1916
19.97 -25 4 -3.4686 0.555 25 3.4686
20.0 -29 5 -4.0246 0.6939 29 4.0246
20.03 -28 4 -3.8859 0.5551 28 3.8859
20.07 -25 4 -3.4825 0.5572 25 3.4825
20.1 -22 5 -3.0646 0.6965 22 3.0646
20.13 -16 4 -2.2285 0.5571 16 2.2285
20.17 -11 4 -1.5321 0.5571 11 1.5321
20.2 -4 4 -0.5551 0.5551 5 0.6938
20.23 2 5 0.2775 0.6938 5 0.6938
20.27 8 5 1.1101 0.6938 9 1.2489
20.3 15 5 2.0814 0.6938 15 2.0814
20.33 19 5 2.6365 0.6938 19 2.6365
20.37 20 5 2.7753 0.6938 20 2.7753
20.4 16 5 2.2117 0.6912 16 2.2117
20.43 13 6 1.797 0.8294 14 1.9352
20.47 10 5 1.3823 0.6912 11 1.5206
20.5 6 5 0.8326 0.6938 7 0.9713
20.53 -1 5 -0.1388 0.6938 5 0.6938
20.57 -6 4 -0.8294 0.5529 7 0.9676
20.6 -12 4 -1.6588 0.5529 12 1.6588
20.63 -18 4 -2.4977 0.5551 18 2.4977
20.67 -22 4 -3.0528 0.5551 22 3.0528
20.7 -26 5 -3.6078 0.6938 26 3.6078
20.73 -26 4 -3.6078 0.5551 26 3.6078
20.77 -25 4 -3.4691 0.5551 25 3.4691
20.8 -22 3 -3.0528 0.4163 22 3.0528
20.83 -18 4 -2.4977 0.5551 18 2.4977
20.87 -14 5 -1.9424 0.6937 14 1.9424
20.9 -8 5 -1.1101 0.6938 9 1.2489
20.93 -2 5 -0.2775 0.6938 5 0.6938
20.97 4 5 0.5551 0.6938 6 0.8326
21.0 9 5 1.2489 0.6938 10 1.3876
21.03 14 6 1.9424 0.8325 15 2.0812
21.07 16 6 2.2199 0.8325 17 2.3586
21.1 18 6 2.4974 0.8325 18 2.4974
21.13 16 6 2.2199 0.8325 17 2.3586
21.17 12 5 1.6649 0.6937 13 1.8037
21.2 8 5 1.1102 0.6939 9 1.249
21.23 2 5 0.2776 0.6939 5 0.6939
21.27 -3 4 -0.4163 0.5551 5 0.6938
21.3 -9 4 -1.2489 0.5551 9 1.2489
21.33 -14 4 -1.9427 0.5551 14 1.9427
21.37 -19 4 -2.6365 0.5551 19 2.6365
21.4 -23 5 -3.192 0.6939 23 3.192
21.43 -24 4 -3.3307 0.5551 24 3.3307
21.47 -25 4 -3.4691 0.5551 25 3.4691
21.5 -24 5 -3.3303 0.6938 24 3.3303
21.53 -21 4 -2.914 0.5551 21 2.914
21.57 -14 4 -1.9427 0.5551 14 1.9427
21.6 -12 4 -1.6588 0.5529 12 1.6588
21.63 -6 5 -0.8294 0.6912 7 0.9676
21.67 0 5 0.0 0.6938 5 0.6938
21.7 5 5 0.6965 0.6965 7 0.9751
21.73 10 5 1.393 0.6965 11 1.5323
21.77 13 5 1.8109 0.6965 13 1.8109
21.8 15 5 2.0814 0.6938 15 2.0814
21.83 15 6 2.0814 0.8326 16 2.2202
21.87 14 5 1.9427 0.6938 14 1.9427
21.9 11 5 1.5264 0.6938 12 1.6652
21.93 6 5 0.8326 0.6938 7 0.9713
21.97 1 5 0.1388 0.6938 5 0.6938
22.0 -3 4 -0.4163 0.5551 5 0.6939
22.03 -12 4 -1.6654 0.5551 12 1.6654
22.07 -17 4 -2.3593 0.5551 17 2.3593
22.1 -20 4 -2.7756 0.5551 20 2.7756
22.13 -24 4 -3.3303 0.5551 24 3.3303
22.17 -25 4 -3.4691 0.5551 25 3.4691
22.2 -24 4 -3.3303 0.5551 24 3.3303
22.23 -22 4 -3.0528 0.5551 22 3.0528
22.27 -19 4 -2.6365 0.5551 19 2.6365
22.3 -14 4 -1.9429 0.5551 14 1.9429
22.33 -9 4 -1.249 0.5551 9 1.249
22.37 -4 4 -0.5551 0.5551 5 0.6939
22.4 1 4 0.1388 0.5551 4 0.5551
22.43 6 4 0.8327 0.5551 7 0.9715
22.47 11 5 1.5266 0.6939 12 1.6654
22.5 14 5 1.9429 0.6939 14 1.9429
22.53 15 5 2.0817 0.6939 15 2.0817
22.57 13 5 1.8111 0.6966 13 1.8111
22.6 12 5 1.6718 0.6966 13 1.8111
22.63 9 5 1.2538 0.6966 10 1.3932
22.67 4 4 0.5573 0.5573 5 0.6966
22.7 -2 4 -0.2786 0.5573 4 0.5573
22.73 -7 4 -0.9752 0.5573 8 1.1145
22.77 -13 4 -1.8111 0.5573 13 1.8111
22.8 -16 4 -2.2205 0.5551 16 2.2205
22.83 -19 4 -2.6368 0.5551 19 2.6368
22.87 -22 5 -3.0532 0.6939 22 3.0532
22.9 -23 5 -3.192 0.6939 23 3.192
22.93 -23 5 -3.192 0.6939 23 3.192
22.97 -20 5 -2.7756 0.6939 20 2.7756
23.0 -16 4 -2.2205 0.5551 16 2.2205
23.03 -12 4 -1.6654 0.5551 12 1.6654
23.07 -7 4 -0.9715 0.5551 8 1.1102
23.1 -1 4 -0.1388 0.5551 4 0.5551
23.13 3 4 0.4163 0.5551 5 0.6939
23.17 8 5 1.1102 0.6939 9 1.249
23.2 11 5 1.5266 0.6939 12 1.6654
23.23 14 5 1.9427 0.6938 14 1.9427
23.27 15 5 2.0814 0.6938 15 2.0814
23.3 14 5 1.9427 0.6938 14 1.9427
23.33 12 5 1.6652 0.6938 13 1.8039
23.37 8 5 1.1101 0.6938 9 1.2489
23.4 3 5 0.4163 0.6939 5 0.6939
23.43 -2 5 -0.2776 0.6939 5 0.6939
23.47 -10 4 -1.3878 0.5551 10 1.3878
23.5 -14 4 -1.9429 0.5551 14 1.9429
23.53 -18 4 -2.498 0.5551 18 2.498
23.57 -21 4 -2.9144 0.5551 21 2.9144
23.6 -22 4 -3.0411 0.5529 22 3.0411
23.63 -22 4 -3.0411 0.5529 22 3.0411
23.67 -20 3 -2.7643 0.4146 20 2.7643
23.7 -18 3 -2.4878 0.4146 18 2.4878
23.73 -15 3 -2.0732 0.4146 15 2.0732
23.77 -11 4 -1.5203 0.5529 11 1.5203
23.8 -6 4 -0.8325 0.555 7 0.9712
23.83 -1 5 -0.1388 0.6938 5 0.6938
23.87 3 5 0.4163 0.6938 5 0.6938
23.9 7 5 0.9713 0.6938 8 1.1101
23.93 10 5 1.3876 0.6938 11 1.5264
23.97 12 5 1.6652 0.6938 13 1.8039
24.0 12 5 1.6716 0.6965 13 1.8109
24.03 11 5 1.5323 0.6965 12 1.6716
24.07 8 4 1.1144 0.5572 8 1.1144
24.1 6 4 0.8326 0.5551 7 0.9713
24.13 0 4 0.0 0.5551 4 0.5551
24.17 -5 4 -0.6939 0.5551 6 0.8327
24.2 -10 4 -1.3878 0.5551 10 1.3878
24.23 -14 4 -1.9429 0.5551 14 1.9429
24.27 -18 4 -2.498 0.5551 18 2.498
24.3 -21 4 -2.9144 0.5551 21 2.9144
24.33 -21 4 -2.914 0.5551 21 2.914
24.37 -21 3 -2.914 0.4163 21 2.914
24.4 -21 3 -2.9029 0.4147 21 2.9029
24.43 -18 4 -2.4885 0.553 18 2.4885
24.47 -12 4 -1.6649 0.555 12 1.6649
24.5 -8 4 -1.1099 0.555 8 1.1099
24.53 -3 4 -0.4162 0.555 5 0.6937
24.57 1 5 0.1387 0.6937 5 0.6937
24.6 5 5 0.6937 0.6937 7 0.9712
24.63 8 5 1.1099 0.6937 9 1.2487
24.67 11 5 1.5262 0.6937 12 1.6649
24.7 12 5 1.6649 0.6937 13 1.8037
24.73 13 5 1.8037 0.6937 13 1.8037
24.77 11 5 1.5262 0.6937 12 1.6649
24.8 8 5 1.1102 0.6939 9 1.249
24.83 4 5 0.5551 0.6939 6 0.8327
24.87 1 4 0.1388 0.5551 4 0.5551
24.9 -4 4 -0.5551 0.5551 5 0.6939
24.93 -10 4 -1.3878 0.5551 10 1.3878
24.97 -14 4 -1.9427 0.5551 14 1.9427
25.0 -17 4 -2.359 0.5551 17 2.359
25.03 -19 4 -2.6365 0.5551 19 2.6365
25.07 -20 4 -2.7753 0.5551 20 2.7753
25.1 -19 4 -2.6365 0.5551 19 2.6365
25.13 -17 4 -2.359 0.5551 17 2.359
25.17 -15 4 -2.0814 0.5551 15 2.0814
25.2 -13 4 -1.8039 0.5551 13 1.8039
25.23 -9 4 -1.2489 0.5551 9 1.2489
25.27 -4 4 -0.5551 0.5551 5 0.6938
25.3 0 5 0.0 0.6938 5 0.6938
25.33 4 5 0.5551 0.6938 6 0.8326
25.37 8 5 1.1101 0.6938 9 1.2489
25.4 11 5 1.5264 0.6938 12 1.6652
25.43 11 6 1.5264 0.8326 12 1.6652
25.47 11 5 1.5264 0.6938 12 1.6652
25.5 9 5 1.2489 0.6938 10 1.3876
25.53 6 4 0.8326 0.5551 7 0.9713
25.57 2 5 0.2775 0.6938 5 0.6938
25.6 -3 4 -0.4163 0.5551 5 0.6938
25.63 -7 4 -0.9751 0.5572 8 1.1144
25.67 -10 4 -1.393 0.5572 10 1.393
25.7 -14 4 -1.9502 0.5572 14 1.9502
25.73 -17 4 -2.3681 0.5572 17 2.3681
25.77 -18 4 -2.5074 0.5572 18 2.5074
25.8 -19 4 -2.6467 0.5572 19 2.6467
25.83 -18 4 -2.5074 0.5572 18 2.5074
25.87 -17 4 -2.3681 0.5572 17 2.3681
25.9 -13 4 -1.8109 0.5572 13 1.8109
25.93 -10 4 -1.393 0.5572 10 1.393
25.97 -6 5 -0.8358 0.6965 7 0.9751
26.0 -3 4 -0.4163 0.5551 5 0.6939
26.03 2 4 0.2775 0.5551 4 0.5551
26.07 6 4 0.8326 0.5551 7 0.9713
26.1 9 5 1.2489 0.6938 10 1.3876
26.13 10 5 1.3876 0.6938 11 1.5264
26.17 11 5 1.5264 0.6938 12 1.6652
26.2 11 5 1.5264 0.6938 12 1.6652
26.23 8 5 1.1101 0.6938 9 1.2489
26.27 5 5 0.6938 0.6938 7 0.9713
26.3 2 5 0.2776 0.6939 5 0.6939
26.33 -2 4 -0.2776 0.5551 4 0.5551
26.37 -7 4 -0.9715 0.5551 8 1.1102
26.4 -12 4 -1.6652 0.5551 12 1.6652
26.43 -15 4 -2.0814 0.5551 15 2.0814
26.47 -18 4 -2.4977 0.5551 18 2.4977
26.5 -19 4 -2.6365 0.5551 19 2.6365
26.53 -19 4 -2.6365 0.5551 19 2.6365
26.57 -18 4 -2.4977 0.5551 18 2.4977
26.6 -16 4 -2.2202 0.5551 16 2.2202
26.63 -13 4 -1.8039 0.5551 13 1.8039
26.67 -10 4 -1.3876 0.5551 10 1.3876
26.7 -6 4 -0.8326 0.5551 7 0.9713
26.73 -2 4 -0.2775 0.5551 4 0.5551
26.77 2 4 0.2775 0.5551 4 0.5551
26.8 4 4 0.5551 0.5551 5 0.6939
26.83 7 5 0.9715 0.6939 8 1.1102
26.87 9 5 1.249 0.6939 10 1.3878
26.9 9 5 1.249 0.6939 10 1.3878
26.93 8 4 1.1102 0.5551 8 1.1102
26.97 5 5 0.6939 0.6939 7 0.9715
27.0 2 4 0.2776 0.5551 4 0.5551
27.03 -2 4 -0.2776 0.5551 4 0.5551
27.07 -5 4 -0.6939 0.5551 6 0.8327
27.1 -10 4 -1.3878 0.5551 10 1.3878
27.13 -13 4 -1.8041 0.5551 13 1.8041
27.17 -17 4 -2.3593 0.5551 17 2.3593
27.2 -18 4 -2.4977 0.5551 18 2.4977
27.23 -19 4 -2.6365 0.5551 19 2.6365
27.27 -18 4 -2.4977 0.5551 18 2.4977
27.3 -17 4 -2.359 0.5551 17 2.359
27.33 -14 4 -1.9427 0.5551 14 1.9427
27.37 -11 4 -1.5264 0.5551 11 1.5264
27.4 -7 4 -0.9713 0.5551 8 1.1101
27.43 -3 4 -0.4163 0.5551 5 0.6938
27.47 1 4 0.1388 0.5551 4 0.5551
27.5 4 5 0.5551 0.6938 6 0.8326
27.53 7 5 0.9713 0.6938 8 1.1101
27.57 8 5 1.1101 0.6938 9 1.2489
27.6 9 5 1.2489 0.6938 10 1.3876
27.63 9 4 1.2489 0.5551 9 1.2489
27.67 7 5 0.9713 0.6938 8 1.1101
27.7 4 4 0.5551 0.5551 5 0.6938
27.73 1 4 0.1388 0.5551 4 0.5551
27.77 -3 4 -0.4163 0.5551 5 0.6938
27.8 -7 4 -0.9715 0.5551 8 1.1102
27.83 -10 4 -1.3878 0.5551 10 1.3878
27.87 -13 4 -1.8041 0.5551 13 1.8041
27.9 -16 4 -2.2205 0.5551 16 2.2205
27.93 -17 4 -2.3593 0.5551 17 2.3593
27.97 -18 4 -2.498 0.5551 18 2.498
28.0 -17 4 -2.3593 0.5551 17 2.3593
28.03 -15 4 -2.0814 0.5551 15 2.0814
28.07 -11 4 -1.5264 0.5551 11 1.5264
28.1 -9 4 -1.2489 0.5551 9 1.2489
28.13 -5 4 -0.6938 0.5551 6 0.8326
28.17 -1 4 -0.1388 0.5551 4 0.5551
28.2 2 4 0.2775 0.5551 4 0.5551
28.23 6 5 0.8327 0.6939 7 0.9715
28.27 8 5 1.1102 0.6939 9 1.249
28.3 9 5 1.249 0.6939 10 1.3878
28.33 9 5 1.249 0.6939 10 1.3878
28.37 8 5 1.1102 0.6939 9 1.249
28.4 6 4 0.8327 0.5551 7 0.9715
28.43 2 4 0.2786 0.5573 4 0.5573
28.47 -2 4 -0.2786 0.5573 4 0.5573
28.5 -6 4 -0.8359 0.5573 7 0.9752
28.53 -9 4 -1.2538 0.5573 9 1.2538
28.57 -13 4 -1.8111 0.5573 13 1.8111
28.6 -15 4 -2.0897 0.5573 15 2.0897
28.63 -18 4 -2.5077 0.5573 18 2.5077
28.67 -19 4 -2.647 0.5573 19 2.647
28.7 -18 4 -2.5077 0.5573 18 2.5077
28.73 -17 4 -2.3684 0.5573 17 2.3684
28.77 -14 4 -1.9504 0.5573 14 1.9504
28.8 -11 5 -1.5264 0.6938 12 1.6652
28.83 -9 5 -1.2489 0.6938 10 1.3876
28.87 -5 5 -0.6938 0.6938 7 0.9713
28.9 0 5 0.0 0.6938 5 0.6938
28.93 3 5 0.4147 0.6912 5 0.6912
28.97 6 5 0.8294 0.6912 7 0.9676
29.0 8 5 1.1059 0.6912 9 1.2441
29.03 9 5 1.2441 0.6912 10 1.3823
29.07 7 5 0.9676 0.6912 8 1.1059
29.1 6 5 0.8294 0.6912 7 0.9676
29.13 4 5 0.5529 0.6912 6 0.8294
29.17 0 4 0.0 0.5529 4 0.5529
29.2 -4 4 -0.5551 0.5551 5 0.6938
29.23 -7 4 -0.9713 0.5551 8 1.1101
29.27 -11 4 -1.5264 0.5551 11 1.5264
29.3 -13 4 -1.8039 0.5551 13 1.8039
29.33 -15 4 -2.0814 0.5551 15 2.0814
29.37 -16 4 -2.2202 0.5551 16 2.2202
29.4 -17 4 -2.359 0.5551 17 2.359
29.43 -16 4 -2.2202 0.5551 16 2.2202
29.47 -14 4 -1.9427 0.5551 14 1.9427
29.5 -11 4 -1.5264 0.5551 11 1.5264
29.53 -8 4 -1.1101 0.5551 8 1.1101
29.57 -4 4 -0.5551 0.5551 5 0.6938
29.6 -3 4 -0.4147 0.5529 5 0.6912
29.63 0 4 0.0 0.5529 4 0.5529
29.67 3 4 0.4147 0.5529 5 0.6912
29.7 6 5 0.8294 0.6912 7 0.9676
29.73 6 4 0.8294 0.5529 7 0.9676
29.77 7 4 0.9676 0.5529 8 1.1059
29.8 6 4 0.8294 0.5529 7 0.9676
29.83 4 4 0.5529 0.5529 5 0.6912
29.87 1 4 0.1382 0.5529 4 0.5529
29.9 -1 4 -0.1388 0.5551 4 0.5551
29.93 -3 4 -0.4163 0.5551 5 0.6938
29.97 -10 4 -1.3876 0.5551 10 1.3876
30.0 -13 4 -1.797 0.5529 13 1.797
30.03 -16 4 -2.2117 0.5529 16 2.2117
30.07 -16 4 -2.2202 0.5551 16 2.2202
30.1 -17 4 -2.359 0.5551 17 2.359
30.13 -17 4 -2.359 0.5551 17 2.359
30.17 -16 4 -2.2202 0.5551 16 2.2202
30.2 -13 4 -1.8039 0.5551 13 1.8039
30.23 -11 4 -1.5264 0.5551 11 1.5264
30.27 -7 4 -0.9713 0.5551 8 1.1101
30.3 -5 4 -0.6938 0.5551 6 0.8326
30.33 -1 4 -0.1388 0.5551 4 0.5551
30.37 1 5 0.1388 0.6939 5 0.6939
30.4 5 4 0.6938 0.5551 6 0.8326
30.43 7 5 0.9713 0.6938 8 1.1101
30.47 7 4 0.9713 0.5551 8 1.1101
30.5 7 4 0.9713 0.5551 8 1.1101
30.53 6 4 0.8326 0.5551 7 0.9713
30.57 3 4 0.4163 0.5551 5 0.6938
30.6 0 4 0.0 0.5551 4 0.5551
30.63 -3 4 -0.4163 0.5551 5 0.6938
30.67 -6 4 -0.8326 0.5551 7 0.9713
30.7 -9 4 -1.2489 0.5551 9 1.2489
30.73 -12 4 -1.6652 0.5551 12 1.6652
30.77 -14 4 -1.9427 0.5551 14 1.9427
30.8 -16 3 -2.2117 0.4147 16 2.2117
30.83 -17 4 -2.3499 0.5529 17 2.3499
30.87 -16 4 -2.2202 0.5551 16 2.2202
30.9 -15 4 -2.0814 0.5551 15 2.0814
30.93 -12 4 -1.6652 0.5551 12 1.6652
30.97 -9 4 -1.2489 0.5551 9 1.2489
31.0 -6 4 -0.8326 0.5551 7 0.9713
31.03 -3 4 -0.4147 0.5529 5 0.6912
31.07 1 4 0.1388 0.5551 4 0.5551
31.1 3 5 0.4163 0.6938 5 0.6938
31.13 5 4 0.6938 0.5551 6 0.8326
31.17 7 4 0.9713 0.5551 8 1.1101
31.2 7 4 0.9713 0.5551 8 1.1101
31.23 6 4 0.8326 0.5551 7 0.9713
31.27 6 4 0.8326 0.5551 7 0.9713
31.3 3 4 0.4163 0.5551 5 0.6938
31.33 1 4 0.1388 0.5551 4 0.5551
31.37 -2 4 -0.2775 0.5551 4 0.5551
31.4 -6 4 -0.8326 0.5551 7 0.9713
31.43 -10 4 -1.3876 0.5551 10 1.3876
31.47 -12 4 -1.6652 0.5551 12 1.6652
31.5 -14 4 -1.9427 0.5551 14 1.9427
31.53 -15 4 -2.0814 0.5551 15 2.0814
31.57 -15 4 -2.0814 0.5551 15 2.0814
31.6 -16 4 -2.2117 0.5529 16 2.2117
31.63 -15 4 -2.0735 0.5529 15 2.0735
31.67 -12 4 -1.6588 0.5529 12 1.6588
31.7 -9 5 -1.2441 0.6912 10 1.3823
31.73 -6 4 -0.8294 0.5529 7 0.9676
31.77 -3 5 -0.4147 0.6912 5 0.6912
31.8 1 5 0.1382 0.6912 5 0.6912
31.83 3 5 0.4147 0.6912 5 0.6912
31.87 6 5 0.8294 0.6912 7 0.9676
31.9 7 5 0.9676 0.6912 8 1.1059
31.93 7 4 0.9713 0.5551 8 1.1101
31.97 6 5 0.8326 0.6938 7 0.9713
32.0 4 5 0.5551 0.6938 6 0.8326
32.03 1 4 0.1388 0.5551 4 0.5551
32.07 -2 4 -0.2775 0.5551 4 0.5551
32.1 -5 4 -0.6938 0.5551 6 0.8326
32.13 -8 4 -1.1101 0.5551 8 1.1101
32.17 -12 4 -1.6654 0.5551 12 1.6654
32.2 -13 4 -1.8039 0.5551 13 1.8039
32.23 -15 4 -2.0814 0.5551 15 2.0814
32.27 -15 4 -2.0814 0.5551 15 2.0814
32.3 -15 4 -2.0814 0.5551 15 2.0814
32.33 -15 4 -2.0814 0.5551 15 2.0814
32.37 -11 4 -1.5264 0.5551 11 1.5264
32.4 -10 4 -1.3823 0.5529 10 1.3823
32.43 -7 4 -0.9676 0.5529 8 1.1059
32.47 -3 4 -0.4147 0.5529 5 0.6912
32.5 0 4 0.0 0.5529 4 0.5529
32.53 2 4 0.2765 0.5529 4 0.5529
32.57 4 4 0.5529 0.5529 5 0.6912
32.6 6 4 0.8294 0.5529 7 0.9676
32.63 6 5 0.8294 0.6912 7 0.9676
32.67 5 5 0.6912 0.6912 7 0.9676
32.7 4 5 0.5529 0.6912 6 0.8294
32.73 2 4 0.2765 0.5529 4 0.5529
32.77 0 4 0.0 0.5529 4 0.5529
32.8 -2 4 -0.2775 0.5551 4 0.5551
32.83 -5 4 -0.6938 0.5551 6 0.8326
32.87 -9 3 -1.2489 0.4163 9 1.2489
32.9 -11 3 -1.5264 0.4163 11 1.5264
32.93 -13 3 -1.8039 0.4163 13 1.8039
32.97 -14 3 -1.9427 0.4163 14 1.9427
33.0 -15 3 -2.0814 0.4163 15 2.0814
33.03 -15 4 -2.0814 0.5551 15 2.0814
33.07 -13 3 -1.8039 0.4163 13 1.8039
33.1 -12 3 -1.6652 0.4163 12 1.6652
33.13 -9 4 -1.2489 0.5551 9 1.2489
33.17 -6 3 -0.8326 0.4163 6 0.8326
33.2 -4 4 -0.5529 0.5529 5 0.6912
33.23 -1 4 -0.1388 0.5551 4 0.5551
33.27 2 4 0.2775 0.5551 4 0.5551
33.3 4 5 0.5551 0.6938 6 0.8326
33.33 5 4 0.6938 0.5551 6 0.8326
33.37 6 5 0.8326 0.6938 7 0.9713
33.4 5 5 0.6937 0.6937 7 0.9712
33.43 4 4 0.5529 0.5529 5 0.6911
33.47 2 4 0.2764 0.5529 4 0.5529
33.5 -1 4 -0.1382 0.5529 4 0.5529
33.53 -4 4 -0.5529 0.5529 5 0.6911
33.57 -6 4 -0.8293 0.5529 7 0.9675
33.6 -9 4 -1.2489 0.5551 9 1.2489
33.63 -12 4 -1.6652 0.5551 12 1.6652
33.67 -14 3 -1.9427 0.4163 14 1.9427
33.7 -15 4 -2.0814 0.5551 15 2.0814
33.73 -15 4 -2.0814 0.5551 15 2.0814
33.77 -14 3 -1.9427 0.4163 14 1.9427
33.8 -13 3 -1.8039 0.4163 13 1.8039
33.83 -12 3 -1.6652 0.4163 12 1.6652
33.87 -9 3 -1.2489 0.4163 9 1.2489
33.9 -5 4 -0.6938 0.5551 6 0.8326
33.93 -2 4 -0.2775 0.5551 4 0.5551
33.97 1 4 0.1388 0.5551 4 0.5551
34.0 3 4 0.4163 0.5551 5 0.6938
34.03 4 4 0.5551 0.5551 5 0.6938
34.07 5 4 0.6938 0.5551 6 0.8326
34.1 5 4 0.6938 0.5551 6 0.8326
34.13 4 4 0.5551 0.5551 5 0.6938
34.17 3 4 0.4163 0.5551 5 0.6938
34.2 0 4 0.0 0.5551 4 0.5551
34.23 -2 4 -0.2775 0.5551 4 0.5551
34.27 -4 4 -0.5551 0.5551 5 0.6938
34.3 -7 4 -0.9713 0.5551 8 1.1101
34.33 -9 4 -1.2489 0.5551 9 1.2489
34.37 -12 4 -1.6652 0.5551 12 1.6652
34.4 -14 3 -1.9427 0.4163 14 1.9427
34.43 -15 3 -2.0814 0.4163 15 2.0814
34.47 -14 3 -1.9427 0.4163 14 1.9427
34.5 -14 4 -1.9427 0.5551 14 1.9427
34.53 -12 4 -1.6652 0.5551 12 1.6652
34.57 -9 4 -1.2489 0.5551 9 1.2489
34.6 -6 4 -0.8326 0.5551 7 0.9713
34.63 -4 4 -0.5551 0.5551 5 0.6938
34.67 -2 4 -0.2775 0.5551 4 0.5551
34.7 1 4 0.1388 0.5551 4 0.5551
34.73 3 4 0.4163 0.5551 5 0.6938
34.77 4 5 0.5551 0.6938 6 0.8326
34.8 5 4 0.6938 0.5551 6 0.8326
34.83 5 4 0.6938 0.5551 6 0.8326
34.87 4 4 0.5551 0.5551 5 0.6938
34.9 2 4 0.2775 0.5551 4 0.5551
34.93 0 4 0.0 0.5551 4 0.5551
34.97 -3 4 -0.4163 0.5551 5 0.6938
35.0 -6 4 -0.8326 0.5551 7 0.9713
35.03 -9 4 -1.2489 0.5551 9 1.2489
35.07 -11 4 -1.5264 0.5551 11 1.5264
35.1 -13 4 -1.8039 0.5551 13 1.8039
35.13 -15 4 -2.0814 0.5551 15 2.0814
35.17 -15 3 -2.0814 0.4163 15 2.0814
35.2 -14 3 -1.9352 0.4147 14 1.9352
35.23 -13 4 -1.797 0.5529 13 1.797
35.27 -11 4 -1.5206 0.5529 11 1.5206
35.3 -9 4 -1.2441 0.5529 9 1.2441
35.33 -7 4 -0.9676 0.5529 8 1.1059
35.37 -4 4 -0.5529 0.5529 5 0.6912
35.4 -1 4 -0.1382 0.5529 4 0.5529
35.43 2 4 0.2765 0.5529 4 0.5529
35.47 3 4 0.4147 0.5529 5 0.6912
35.5 5 5 0.6938 0.6938 7 0.9713
35.53 6 4 0.8294 0.5529 7 0.9676
35.57 5 5 0.6938 0.6938 7 0.9713
35.6 3 4 0.4147 0.5529 5 0.6912
35.63 1 4 0.1382 0.5529 4 0.5529
35.67 -1 4 -0.1382 0.5529 4 0.5529
35.7 -3 4 -0.4147 0.5529 5 0.6912
35.73 -6 4 -0.8294 0.5529 7 0.9676
35.77 -9 3 -1.2441 0.4147 9 1.2441
35.8 -11 3 -1.5206 0.4147 11 1.5206
35.83 -12 4 -1.6588 0.5529 12 1.6588
35.87 -14 4 -1.9352 0.5529 14 1.9352
35.9 -14 4 -1.9352 0.5529 14 1.9352
35.93 -13 4 -1.797 0.5529 13 1.797
35.97 -12 4 -1.6588 0.5529 12 1.6588
36.0 -9 4 -1.2489 0.5551 9 1.2489
36.03 -7 4 -0.9713 0.5551 8 1.1101
36.07 -5 4 -0.6938 0.5551 6 0.8326
36.1 -2 4 -0.2775 0.5551 4 0.5551
36.13 0 4 0.0 0.5551 4 0.5551
36.17 2 4 0.2775 0.5551 4 0.5551
36.2 4 4 0.5551 0.5551 5 0.6938
36.23 4 4 0.5551 0.5551 5 0.6938
36.27 4 4 0.5551 0.5551 5 0.6938
36.3 3 4 0.4163 0.5551 5 0.6938
36.33 2 4 0.2775 0.5551 4 0.5551
36.37 0 5 0.0 0.6938 5 0.6938
36.4 -1 3 -0.1388 0.4163 3 0.4163
36.43 -4 4 -0.5551 0.5551 5 0.6938
36.47 -8 3 -1.1101 0.4163 8 1.1101
36.5 -10 3 -1.3876 0.4163 10 1.3876
36.53 -12 4 -1.6652 0.5551 12 1.6652
36.57 -13 4 -1.8039 0.5551 13 1.8039
36.6 -15 3 -2.0735 0.4147 15 2.0735
36.63 -14 3 -1.9427 0.4163 14 1.9427
36.67 -13 3 -1.8039 0.4163 13 1.8039
36.7 -12 3 -1.6652 0.4163 12 1.6652
36.73 -9 4 -1.2489 0.5551 9 1.2489
36.77 -6 4 -0.8326 0.5551 7 0.9713
36.8 -4 4 -0.5551 0.5551 5 0.6938
36.83 -1 4 -0.1388 0.5551 4 0.5551
36.87 0 4 0.0 0.5551 4 0.5551
36.9 2 4 0.2775 0.5551 4 0.5551
36.93 3 4 0.4163 0.5551 5 0.6938
36.97 5 4 0.6938 0.5551 6 0.8326
37.0 4 4 0.5551 0.5551 5 0.6938
37.03 3 4 0.4163 0.5551 5 0.6938
37.07 2 4 0.2775 0.5551 4 0.5551
37.1 -1 4 -0.1388 0.5551 4 0.5551
37.13 -3 4 -0.4163 0.5551 5 0.6938
37.17 -6 4 -0.8326 0.5551 7 0.9713
37.2 -8 4 -1.1059 0.5529 8 1.1059
37.23 -10 4 -1.3823 0.5529 10 1.3823
37.27 -11 3 -1.5264 0.4163 11 1.5264
37.3 -12 4 -1.6588 0.5529 12 1.6588
37.33 -13 4 -1.797 0.5529 13 1.797
37.37 -13 4 -1.797 0.5529 13 1.797
37.4 -12 4 -1.6588 0.5529 12 1.6588
37.43 -11 4 -1.5206 0.5529 11 1.5206
37.47 -8 4 -1.1059 0.5529 8 1.1059
37.5 -5 4 -0.6912 0.5529 6 0.8294
37.53 -3 4 -0.4147 0.5529 5 0.6912
37.57 -1 4 -0.1382 0.5529 4 0.5529
37.6 0 3 0.0 0.4163 3 0.4163
37.63 2 4 0.2775 0.5551 4 0.5551
37.67 4 4 0.5551 0.5551 5 0.6938
37.7 3 4 0.4163 0.5551 5 0.6938
37.73 3 4 0.4163 0.5551 5 0.6938
37.77 2 4 0.2775 0.5551 4 0.5551
37.8 1 4 0.1388 0.5551 4 0.5551
37.83 -1 4 -0.1388 0.5551 4 0.5551
37.87 -3 4 -0.4163 0.5551 5 0.6938
37.9 -6 4 -0.8326 0.5551 7 0.9713
37.93 -9 4 -1.2489 0.5551 9 1.2489
37.97 -11 4 -1.5264 0.5551 11 1.5264
38.0 -12 3 -1.6652 0.4163 12 1.6652
38.03 -13 4 -1.8039 0.5551 13 1.8039
38.07 -13 3 -1.8039 0.4163 13 1.8039
38.1 -12 4 -1.6652 0.5551 12 1.6652
38.13 -12 4 -1.6652 0.5551 12 1.6652
38.17 -10 4 -1.3876 0.5551 10 1.3876
38.2 -7 4 -0.9713 0.5551 8 1.1101
38.23 -6 4 -0.8326 0.5551 7 0.9713
38.27 -3 4 -0.4163 0.5551 5 0.6938
38.3 -1 4 -0.1388 0.5551 4 0.5551
38.33 2 4 0.2775 0.5551 4 0.5551
38.37 3 4 0.4163 0.5551 5 0.6938
38.4 4 4 0.5551 0.5551 5 0.6938
38.43 3 4 0.4163 0.5551 5 0.6938
38.47 2 4 0.2775 0.5551 4 0.5551
38.5 1 4 0.1388 0.5551 4 0.5551
38.53 -1 4 -0.1388 0.5551 4 0.5551
38.57 -3 4 -0.4163 0.5551 5 0.6938
38.6 -5 4 -0.6938 0.5551 6 0.8326
38.63 -8 4 -1.1101 0.5551 8 1.1101
38.67 -10 4 -1.3876 0.5551 10 1.3876
38.7 -11 4 -1.5264 0.5551 11 1.5264
38.73 -12 4 -1.6652 0.5551 12 1.6652
38.77 -13 4 -1.8039 0.5551 13 1.8039
38.8 -13 4 -1.8039 0.5551 13 1.8039
38.83 -11 3 -1.5264 0.4163 11 1.5264
38.87 -10 4 -1.3876 0.5551 10 1.3876
38.9 -8 4 -1.1101 0.5551 8 1.1101
38.93 -5 4 -0.6938 0.5551 6 0.8326
38.97 -3 4 -0.4163 0.5551 5 0.6938
39.0 -1 4 -0.1388 0.5551 4 0.5551
39.03 1 4 0.1388 0.5551 4 0.5551
39.07 1 4 0.1388 0.5551 4 0.5551
39.1 3 4 0.4163 0.5551 5 0.6938
39.13 3 4 0.4163 0.5551 5 0.6938
39.17 2 4 0.2775 0.5551 4 0.5551
39.2 2 5 0.2775 0.6938 5 0.6938
39.23 1 5 0.1388 0.6938 5 0.6938
39.27 -1 4 -0.1388 0.5551 4 0.5551
39.3 -3 4 -0.4163 0.5551 5 0.6938
39.33 -5 4 -0.6938 0.5551 6 0.8326
39.37 -9 4 -1.2489 0.5551 9 1.2489
39.4 -10 4 -1.3876 0.5551 10 1.3876
39.43 -12 4 -1.6652 0.5551 12 1.6652
39.47 -12 3 -1.6652 0.4163 12 1.6652
39.5 -12 3 -1.6652 0.4163 12 1.6652
39.53 -12 4 -1.6588 0.5529 12 1.6588
39.57 -12 4 -1.6588 0.5529 12 1.6588
39.6 -9 4 -1.2537 0.5572 9 1.2537
39.63 -7 4 -0.9751 0.5572 8 1.1144
39.67 -4 4 -0.5572 0.5572 5 0.6965
39.7 -3 4 -0.4179 0.5572 5 0.6965
39.73 -1 4 -0.1393 0.5572 4 0.5572
39.77 1 4 0.1393 0.5572 4 0.5572
39.8 2 4 0.2786 0.5572 4 0.5572
39.83 3 4 0.4179 0.5572 5 0.6965
39.87 3 4 0.4163 0.5551 5 0.6938
39.9 2 4 0.2775 0.5551 4 0.5551
39.93 1 4 0.1388 0.5551 4 0.5551
39.97 -1 4 -0.1388 0.5551 4 0.5551
40.0 -3 4 -0.4147 0.5529 5 0.6912
40.03 -5 4 -0.6938 0.5551 6 0.8326
40.07 -7 4 -0.9713 0.5551 8 1.1101
40.1 -8 4 -1.1101 0.5551 8 1.1101
40.13 -10 3 -1.3876 0.4163 10 1.3876
40.17 -11 4 -1.5264 0.5551 11 1.5264
40.2 -12 3 -1.6652 0.4163 12 1.6652
40.23 -13 3 -1.797 0.4147 13 1.797
40.27 -12 3 -1.6588 0.4147 12 1.6588
40.3 -12 4 -1.6588 0.5529 12 1.6588
40.33 -10 3 -1.3823 0.4147 10 1.3823
40.37 -8 4 -1.1059 0.5529 8 1.1059
40.4 -5 4 -0.6912 0.5529 6 0.8294
40.43 -2 4 -0.2765 0.5529 4 0.5529
40.47 0 3 0.0 0.4147 3 0.4147
40.5 1 4 0.1382 0.5529 4 0.5529
40.53 2 4 0.2765 0.5529 4 0.5529
40.57 3 4 0.4147 0.5529 5 0.6912
40.6 3 4 0.4147 0.5529 5 0.6912
40.63 2 4 0.2765 0.5529 4 0.5529
40.67 1 4 0.1382 0.5529 4 0.5529
40.7 -1 4 -0.1382 0.5529 4 0.5529
40.73 -2 4 -0.2765 0.5529 4 0.5529
40.77 -5 4 -0.6911 0.5529 6 0.8293
40.8 -6 3 -0.8326 0.4163 6 0.8326
40.83 -8 3 -1.1101 0.4163 8 1.1101
40.87 -10 3 -1.3876 0.4163 10 1.3876
40.9 -12 4 -1.6588 0.5529 12 1.6588
40.93 -13 3 -1.797 0.4147 13 1.797
40.97 -12 3 -1.6588 0.4147 12 1.6588
41.0 -11 3 -1.5206 0.4147 11 1.5206
41.03 -10 3 -1.3823 0.4147 10 1.3823
41.07 -8 3 -1.1059 0.4147 8 1.1059
41.1 -6 4 -0.8294 0.5529 7 0.9676
41.13 -5 4 -0.6912 0.5529 6 0.8294
41.17 -3 4 -0.4147 0.5529 5 0.6912
41.2 0 4 0.0 0.5551 4 0.5551
41.23 1 4 0.1388 0.5551 4 0.5551
41.27 2 4 0.2775 0.5551 4 0.5551
41.3 3 4 0.4163 0.5551 5 0.6938
41.33 1 4 0.1382 0.5529 4 0.5529
41.37 1 4 0.1382 0.5529 4 0.5529
41.4 -1 4 -0.1382 0.5529 4 0.5529
41.43 -1 4 -0.1388 0.5551 4 0.5551
41.47 -3 4 -0.4163 0.5551 5 0.6938
41.5 -5 4 -0.6938 0.5551 6 0.8326
41.53 -8 4 -1.1101 0.5551 8 1.1101
41.57 -9 4 -1.2489 0.5551 9 1.2489
41.6 -10 4 -1.3876 0.5551 10 1.3876
41.63 -11 4 -1.5264 0.5551 11 1.5264
41.67 -11 4 -1.5264 0.5551 11 1.5264
41.7 -11 4 -1.5264 0.5551 11 1.5264
41.73 -10 4 -1.3876 0.5551 10 1.3876
41.77 -9 4 -1.2489 0.5551 9 1.2489
41.8 -6 4 -0.8326 0.5551 7 0.9713
41.83 -5 5 -0.6938 0.6938 7 0.9713
41.87 -3 5 -0.4163 0.6938 5 0.6938
41.9 -1 5 -0.1388 0.6938 5 0.6938
41.93 0 4 0.0 0.5551 4 0.5551
41.97 1 5 0.1388 0.6938 5 0.6938
42.0 2 3 0.2765 0.4147 3 0.4147
42.03 2 4 0.2765 0.5529 4 0.5529
42.07 1 4 0.1382 0.5529 4 0.5529
42.1 0 4 0.0 0.5529 4 0.5529
42.13 -1 4 -0.1382 0.5529 4 0.5529
42.17 -2 4 -0.2765 0.5529 4 0.5529
42.2 -4 4 -0.5529 0.5529 5 0.6912
42.23 -6 4 -0.8294 0.5529 7 0.9676
42.27 -8 4 -1.1059 0.5529 8 1.1059
42.3 -9 3 -1.2441 0.4147 9 1.2441
42.33 -10 4 -1.3823 0.5529 10 1.3823
42.37 -11 4 -1.5206 0.5529 11 1.5206
42.4 -13 4 -1.797 0.5529 13 1.797
42.43 -12 4 -1.6588 0.5529 12 1.6588
42.47 -11 4 -1.5206 0.5529 11 1.5206
42.5 -8 4 -1.1101 0.5551 8 1.1101
42.53 -6 4 -0.8326 0.5551 7 0.9713
42.57 -4 4 -0.5551 0.5551 5 0.6938
42.6 -2 4 -0.2775 0.5551 4 0.5551
42.63 -1 4 -0.1388 0.5551 4 0.5551
42.67 1 4 0.1388 0.5551 4 0.5551
42.7 1 4 0.1388 0.5551 4 0.5551
42.73 2 4 0.2775 0.5551 4 0.5551
42.77 2 4 0.2775 0.5551 4 0.5551
42.8 1 4 0.1388 0.5551 4 0.5551
42.83 0 4 0.0 0.5551 4 0.5551
42.87 -1 4 -0.1388 0.5551 4 0.5551
42.9 -4 4 -0.5551 0.5551 5 0.6938
42.93 -5 4 -0.6938 0.5551 6 0.8326
42.97 -7 3 -0.9713 0.4163 7 0.9713
43.0 -8 3 -1.1101 0.4163 8 1.1101
43.03 -10 3 -1.3876 0.4163 10 1.3876
43.07 -10 3 -1.3876 0.4163 10 1.3876
43.1 -10 3 -1.3876 0.4163 10 1.3876
43.13 -10 3 -1.3876 0.4163 10 1.3876
43.17 -10 3 -1.3876 0.4163 10 1.3876
43.2 -10 4 -1.3823 0.5529 10 1.3823
43.23 -9 4 -1.2441 0.5529 9 1.2441
43.27 -7 3 -0.9676 0.4147 7 0.9676
43.3 -5 4 -0.6912 0.5529 6 0.8294
43.33 -3 3 -0.4147 0.4147 4 0.5529
43.37 -2 4 -0.2765 0.5529 4 0.5529
43.4 0 3 0.0 0.4147 3 0.4147
43.43 1 4 0.1382 0.5529 4 0.5529
43.47 1 4 0.1382 0.5529 4 0.5529
43.5 0 4 0.0 0.5529 4 0.5529
43.53 0 4 0.0 0.5529 4 0.5529
43.57 -1 4 -0.1382 0.5529 4 0.5529
43.6 -2 4 -0.2775 0.5551 4 0.5551
43.63 -3 4 -0.4163 0.5551 5 0.6938
43.67 -5 3 -0.6938 0.4163 5 0.6938
43.7 -7 3 -0.9713 0.4163 7 0.9713
43.73 -8 3 -1.1101 0.4163 8 1.1101
43.77 -9 3 -1.2489 0.4163 9 1.2489
43.8 -10 4 -1.3876 0.5551 10 1.3876
43.83 -10 4 -1.3876 0.5551 10 1.3876
43.87 -9 4 -1.2489 0.5551 9 1.2489
43.9 -9 4 -1.2489 0.5551 9 1.2489
43.93 -7 4 -0.9713 0.5551 8 1.1101
43.97 -6 4 -0.8326 0.5551 7 0.9713
44.0 -4 4 -0.5551 0.5551 5 0.6938
44.03 -2 4 -0.2775 0.5551 4 0.5551
44.07 -1 4 -0.1388 0.5551 4 0.5551
44.1 0 4 0.0 0.5551 4 0.5551
44.13 1 4 0.1388 0.5551 4 0.5551
44.17 1 4 0.1388 0.5551 4 0.5551
44.2 1 4 0.1388 0.5551 4 0.5551
44.23 1 4 0.1388 0.5551 4 0.5551
44.27 0 4 0.0 0.5551 4 0.5551
44.3 -1 4 -0.1388 0.5551 4 0.5551
44.33 -4 4 -0.5551 0.5551 5 0.6938
44.37 -5 4 -0.6938 0.5551 6 0.8326
44.4 -7 3 -0.9713 0.4163 7 0.9713
44.43 -8 4 -1.1101 0.5551 8 1.1101
44.47 -9 3 -1.2489 0.4163 9 1.2489
44.5 -9 3 -1.2489 0.4163 9 1.2489
44.53 -10 3 -1.3876 0.4163 10 1.3876
44.57 -10 3 -1.3823 0.4147 10 1.3823
44.6 -9 3 -1.2441 0.4147 9 1.2441
44.63 -8 3 -1.1059 0.4147 8 1.1059
44.67 -7 3 -0.9676 0.4147 7 0.9676
44.7 -5 4 -0.6912 0.5529 6 0.8294
44.73 -3 4 -0.4147 0.5529 5 0.6912
44.77 -2 4 -0.2765 0.5529 4 0.5529
44.8 -1 3 -0.1388 0.4163 3 0.4163
44.83 0 3 0.0 0.4163 3 0.4163
44.87 1 4 0.1388 0.5551 4 0.5551
44.9 1 4 0.1388 0.5551 4 0.5551
44.93 1 4 0.1388 0.5551 4 0.5551
44.97 -1 4 -0.1388 0.5551 4 0.5551
45.0 -1 3 -0.1388 0.4163 3 0.4163
45.03 -2 4 -0.2775 0.5551 4 0.5551
45.07 -4 4 -0.5551 0.5551 5 0.6938
45.1 -5 4 -0.6938 0.5551 6 0.8326
45.13 -7 4 -0.9713 0.5551 8 1.1101
45.17 -9 4 -1.2489 0.5551 9 1.2489
45.2 -10 4 -1.3823 0.5529 10 1.3823
45.23 -11 4 -1.5206 0.5529 11 1.5206
45.27 -10 4 -1.3823 0.5529 10 1.3823
45.3 -12 4 -1.6588 0.5529 12 1.6588
45.33 -11 4 -1.5206 0.5529 11 1.5206
45.37 -10 4 -1.3823 0.5529 10 1.3823
45.4 -8 4 -1.1059 0.5529 8 1.1059
45.43 -6 4 -0.8294 0.5529 7 0.9676
45.47 -5 4 -0.6912 0.5529 6 0.8294
45.5 -3 4 -0.4147 0.5529 5 0.6912
45.53 -1 4 -0.1382 0.5529 4 0.5529
45.57 -1 4 -0.1382 0.5529 4 0.5529
45.6 0 3 0.0 0.4147 3 0.4147
45.63 0 4 0.0 0.5529 4 0.5529
45.67 -1 3 -0.1382 0.4147 3 0.4147
45.7 -2 3 -0.2765 0.4147 3 0.4147
45.73 -3 3 -0.4147 0.4147 4 0.5529
45.77 -4 3 -0.5529 0.4147 5 0.6912
45.8 -5 3 -0.6912 0.4147 5 0.6912
45.83 -6 3 -0.8294 0.4147 6 0.8294
45.87 -8 3 -1.1059 0.4147 8 1.1059
45.9 -9 3 -1.2441 0.4147 9 1.2441
45.93 -10 3 -1.3823 0.4147 10 1.3823
45.97 -11 3 -1.5206 0.4147 11 1.5206
46.0 -9 3 -1.2441 0.4147 9 1.2441
46.03 -9 4 -1.2441 0.5529 9 1.2441
46.07 -9 3 -1.2441 0.4147 9 1.2441
46.1 -8 4 -1.1059 0.5529 8 1.1059
46.13 -6 4 -0.8294 0.5529 7 0.9676
46.17 -6 4 -0.8294 0.5529 7 0.9676
46.2 -4 4 -0.5529 0.5529 5 0.6912
46.23 -3 4 -0.4147 0.5529 5 0.6912
46.27 -1 4 -0.1382 0.5529 4 0.5529
46.3 1 5 0.1382 0.6912 5 0.6912
46.33 1 4 0.1382 0.5529 4 0.5529
46.37 1 4 0.1382 0.5529 4 0.5529
46.4 0 3 0.0 0.4163 3 0.4163
46.43 -1 4 -0.1388 0.5551 4 0.5551
46.47 -2 3 -0.2775 0.4163 3 0.4163
46.5 -4 3 -0.5551 0.4163 5 0.6938
46.53 -5 3 -0.6939 0.4163 5 0.6939
46.57 -6 3 -0.8327 0.4163 6 0.8327
46.6 -8 3 -1.1101 0.4163 8 1.1101
46.63 -9 3 -1.2489 0.4163 9 1.2489
46.67 -9 3 -1.2489 0.4163 9 1.2489
46.7 -10 3 -1.3876 0.4163 10 1.3876
46.73 -10 3 -1.3876 0.4163 10 1.3876
46.77 -9 3 -1.2489 0.4163 9 1.2489
46.8 -9 4 -1.2441 0.5529 9 1.2441
46.83 -8 4 -1.1059 0.5529 8 1.1059
46.87 -6 3 -0.8326 0.4163 6 0.8326
46.9 -4 4 -0.5551 0.5551 5 0.6938
46.93 -3 4 -0.4163 0.5551 5 0.6938
46.97 -2 4 -0.2775 0.5551 4 0.5551
47.0 -1 4 -0.1388 0.5551 4 0.5551
47.03 1 4 0.1388 0.5551 4 0.5551
47.07 1 4 0.1388 0.5551 4 0.5551
47.1 1 4 0.1388 0.5551 4 0.5551
47.13 0 4 0.0 0.5551 4 0.5551
47.17 -1 4 -0.1388 0.5551 4 0.5551
47.2 -2 4 -0.2775 0.5551 4 0.5551
47.23 -3 4 -0.4162 0.555 5 0.6937
47.27 -5 4 -0.6937 0.555 6 0.8325
47.3 -7 4 -0.9713 0.5551 8 1.1101
47.33 -8 3 -1.1144 0.4179 8 1.1144
47.37 -9 4 -1.2535 0.5571 9 1.2535
47.4 -9 3 -1.2489 0.4163 9 1.2489
47.43 -9 3 -1.2489 0.4163 9 1.2489
47.47 -9 3 -1.2489 0.4163 9 1.2489
47.5 -9 3 -1.2489 0.4163 9 1.2489
47.53 -8 4 -1.1101 0.5551 8 1.1101
47.57 -7 4 -0.9751 0.5572 8 1.1144
47.6 -4 4 -0.5529 0.5529 5 0.6912
47.63 -3 4 -0.4146 0.5529 5 0.6911
