jue, 16 may 2024 23:02:19
Tiempo total del proceso: 0

Coordenadas objeto 1: 
Tiempo      X(px)      Y(px)      X(cm)      Y(cm)      Dist. centro (px)      Dist. centro (cm)
0.0 -8 7 -1.1101 0.9713 10 1.3876
0.03 -6 5 -0.8326 0.6938 7 0.9713
0.07 -6 5 -0.8326 0.6938 7 0.9713
0.1 -6 5 -0.8326 0.6938 7 0.9713
0.13 -6 5 -0.8326 0.6938 7 0.9713
0.17 -6 5 -0.8325 0.6937 7 0.9712
0.2 -6 5 -0.8325 0.6937 7 0.9712
0.23 -6 5 -0.8325 0.6937 7 0.9712
0.27 -6 5 -0.8325 0.6937 7 0.9712
0.3 -5 4 -0.6937 0.555 6 0.8325
0.33 -5 4 -0.6937 0.555 6 0.8325
0.37 -5 4 -0.6937 0.555 6 0.8325
0.4 -5 5 -0.6938 0.6938 7 0.9713
0.43 -5 5 -0.6938 0.6938 7 0.9713
0.47 -5 5 -0.6938 0.6938 7 0.9713
0.5 -5 5 -0.6937 0.6937 7 0.9712
0.53 -5 5 -0.6938 0.6938 7 0.9713
0.57 -5 5 -0.6938 0.6938 7 0.9713
0.6 -5 5 -0.6938 0.6938 7 0.9713
0.63 -5 5 -0.6938 0.6938 7 0.9713
0.67 -5 5 -0.6938 0.6938 7 0.9713
0.7 -5 5 -0.6938 0.6938 7 0.9713
0.73 -5 4 -0.6938 0.5551 6 0.8326
0.77 -5 5 -0.6939 0.6939 7 0.9715
0.8 -4 4 -0.5551 0.5551 5 0.6939
0.83 -4 4 -0.5551 0.5551 5 0.6938
0.87 -4 4 -0.5551 0.5551 5 0.6938
0.9 -5 4 -0.6938 0.5551 6 0.8326
0.93 -4 4 -0.5551 0.5551 5 0.6938
0.97 -4 4 -0.5551 0.5551 5 0.6938
1.0 -4 4 -0.5551 0.5551 5 0.6938
1.03 -4 4 -0.5551 0.5551 5 0.6938
1.07 -4 4 -0.5551 0.5551 5 0.6938
1.1 -4 4 -0.5551 0.5551 5 0.6938
1.13 -4 4 -0.5551 0.5551 5 0.6938
1.17 -5 4 -0.6938 0.5551 6 0.8326
1.2 -5 4 -0.6965 0.5572 6 0.8358
1.23 -5 4 -0.6965 0.5572 6 0.8358
1.27 -5 4 -0.6938 0.5551 6 0.8326
1.3 -4 4 -0.555 0.555 5 0.6937
1.33 -5 4 -0.6938 0.5551 6 0.8326
1.37 -5 4 -0.6965 0.5572 6 0.8358
1.4 -5 4 -0.6937 0.555 6 0.8325
1.43 -5 4 -0.6937 0.555 6 0.8325
1.47 -5 4 -0.6938 0.5551 6 0.8326
1.5 -4 4 -0.555 0.555 5 0.6937
1.53 -4 4 -0.555 0.555 5 0.6937
1.57 -5 4 -0.6938 0.5551 6 0.8326
1.6 -5 4 -0.6939 0.5551 6 0.8327
1.63 -5 5 -0.6938 0.6938 7 0.9713
1.67 -5 4 -0.6938 0.5551 6 0.8326
1.7 -5 4 -0.6938 0.5551 6 0.8326
1.73 -5 4 -0.6939 0.5551 6 0.8327
1.77 -5 4 -0.6939 0.5551 6 0.8327
1.8 -6 4 -0.8327 0.5551 7 0.9715
1.83 -5 4 -0.6938 0.5551 6 0.8326
1.87 -5 4 -0.6938 0.5551 6 0.8326
1.9 -5 4 -0.6938 0.5551 6 0.8326
1.93 -5 4 -0.6938 0.5551 6 0.8326
1.97 -5 5 -0.6938 0.6938 7 0.9713
2.0 -5 4 -0.6938 0.5551 6 0.8326
2.03 -5 4 -0.6938 0.5551 6 0.8326
2.07 -5 4 -0.6938 0.5551 6 0.8326
2.1 -5 4 -0.6938 0.5551 6 0.8326
2.13 -5 4 -0.6965 0.5572 6 0.8358
2.17 -5 4 -0.6965 0.5572 6 0.8358
2.2 -5 4 -0.6965 0.5572 6 0.8358
2.23 -5 4 -0.6965 0.5572 6 0.8358
2.27 -5 4 -0.6965 0.5572 6 0.8358
2.3 -5 4 -0.6965 0.5572 6 0.8358
2.33 -5 4 -0.6965 0.5572 6 0.8358
2.37 -5 4 -0.6965 0.5572 6 0.8358
2.4 -5 4 -0.6939 0.5551 6 0.8327
2.43 -6 5 -0.8326 0.6938 7 0.9713
2.47 -5 5 -0.6938 0.6938 7 0.9713
2.5 -5 5 -0.6938 0.6938 7 0.9713
2.53 -5 5 -0.6938 0.6938 7 0.9713
2.57 -5 5 -0.6938 0.6938 7 0.9713
2.6 -5 5 -0.6938 0.6938 7 0.9713
2.63 -5 5 -0.6938 0.6938 7 0.9713
2.67 -5 5 -0.6939 0.6939 7 0.9715
2.7 -5 5 -0.6938 0.6938 7 0.9713
2.73 -5 5 -0.6938 0.6938 7 0.9713
2.77 -5 5 -0.6938 0.6938 7 0.9713
2.8 -5 4 -0.6939 0.5551 6 0.8327
2.83 -5 5 -0.6939 0.6939 7 0.9715
2.87 -5 4 -0.6939 0.5551 6 0.8327
2.9 -5 4 -0.6939 0.5551 6 0.8327
2.93 -5 5 -0.6938 0.6938 7 0.9713
2.97 -5 5 -0.6938 0.6938 7 0.9713
3.0 -5 5 -0.6938 0.6938 7 0.9713
3.03 -5 5 -0.6938 0.6938 7 0.9713
3.07 -5 5 -0.6938 0.6938 7 0.9713
3.1 -5 5 -0.6938 0.6938 7 0.9713
3.13 -5 5 -0.6938 0.6938 7 0.9713
3.17 -4 5 -0.5551 0.6938 6 0.8326
3.2 -5 4 -0.6939 0.5551 6 0.8327
3.23 -5 4 -0.6939 0.5551 6 0.8327
3.27 -5 4 -0.6939 0.5551 6 0.8327
3.3 -5 4 -0.6939 0.5551 6 0.8327
3.33 -6 4 -0.8327 0.5551 7 0.9715
3.37 -6 4 -0.8327 0.5551 7 0.9715
3.4 -5 4 -0.6939 0.5551 6 0.8327
3.43 -5 4 -0.6939 0.5551 6 0.8327
3.47 -6 4 -0.8327 0.5551 7 0.9715
3.5 -5 4 -0.6939 0.5551 6 0.8327
3.53 -5 4 -0.6939 0.5551 6 0.8327
3.57 -5 4 -0.6939 0.5551 6 0.8327
3.6 -4 4 -0.5551 0.5551 5 0.6939
3.63 -4 4 -0.5551 0.5551 5 0.6939
3.67 -4 4 -0.5551 0.5551 5 0.6939
3.7 -5 4 -0.6939 0.5551 6 0.8327
3.73 -5 4 -0.6938 0.5551 6 0.8326
3.77 -5 4 -0.6938 0.5551 6 0.8326
3.8 -5 4 -0.6938 0.5551 6 0.8326
3.83 -5 4 -0.6938 0.5551 6 0.8326
3.87 -5 4 -0.6938 0.5551 6 0.8326
3.9 -5 4 -0.6938 0.5551 6 0.8326
3.93 -5 4 -0.6938 0.5551 6 0.8326
3.97 -5 4 -0.6938 0.5551 6 0.8326
4.0 -5 4 -0.6939 0.5551 6 0.8327
4.03 -5 4 -0.6939 0.5551 6 0.8327
4.07 -5 4 -0.6939 0.5551 6 0.8327
4.1 -5 5 -0.6939 0.6939 7 0.9715
4.13 -5 4 -0.6939 0.5551 6 0.8327
4.17 -5 5 -0.6939 0.6939 7 0.9715
4.2 -5 4 -0.6939 0.5551 6 0.8327
4.23 -5 4 -0.6939 0.5551 6 0.8327
4.27 -5 4 -0.6939 0.5551 6 0.8327
4.3 -5 5 -0.6938 0.6938 7 0.9713
4.33 -5 5 -0.6938 0.6938 7 0.9713
4.37 -5 5 -0.6938 0.6938 7 0.9713
4.4 -5 4 -0.6939 0.5551 6 0.8327
4.43 -5 4 -0.6939 0.5551 6 0.8327
4.47 -4 4 -0.5551 0.5551 5 0.6939
4.5 -4 4 -0.5551 0.5551 5 0.6938
4.53 -4 4 -0.5551 0.5551 5 0.6938
4.57 -5 4 -0.6938 0.5551 6 0.8326
4.6 -5 4 -0.6938 0.5551 6 0.8326
4.63 -5 4 -0.6938 0.5551 6 0.8326
4.67 -5 4 -0.6938 0.5551 6 0.8326
4.7 -5 4 -0.6938 0.5551 6 0.8326
4.73 -5 4 -0.6938 0.5551 6 0.8326
4.77 -5 4 -0.6938 0.5551 6 0.8326
4.8 -5 4 -0.6939 0.5551 6 0.8327
4.83 -5 4 -0.6938 0.5551 6 0.8326
4.87 -5 4 -0.6938 0.5551 6 0.8326
4.9 -5 4 -0.6938 0.5551 6 0.8326
4.93 -5 4 -0.6938 0.5551 6 0.8326
4.97 -4 4 -0.5551 0.5551 5 0.6938
5.0 -5 4 -0.6938 0.5551 6 0.8326
5.03 -4 4 -0.5551 0.5551 5 0.6938
5.07 -4 4 -0.5551 0.5551 5 0.6938
5.1 -4 4 -0.5551 0.5551 5 0.6938
5.13 -4 4 -0.5551 0.5551 5 0.6938
5.17 -4 4 -0.5551 0.5551 5 0.6938
5.2 -5 4 -0.6939 0.5551 6 0.8327
5.23 -5 4 -0.6938 0.5551 6 0.8326
5.27 -5 4 -0.6938 0.5551 6 0.8326
5.3 -5 4 -0.6939 0.5551 6 0.8327
5.33 -5 4 -0.6938 0.5551 6 0.8326
5.37 -5 4 -0.6938 0.5551 6 0.8326
5.4 -4 4 -0.5551 0.5551 5 0.6938
5.43 -4 4 -0.5551 0.5551 5 0.6938
5.47 -4 4 -0.5551 0.5551 5 0.6938
5.5 -4 4 -0.5551 0.5551 5 0.6938
5.53 -4 4 -0.5551 0.5551 5 0.6938
5.57 -5 5 -0.6938 0.6938 7 0.9713
5.6 -5 5 -0.6939 0.6939 7 0.9715
5.63 -6 4 -0.8359 0.5573 7 0.9752
5.67 -4 5 -0.555 0.6937 6 0.8325
5.7 -5 4 -0.6912 0.5529 6 0.8294
5.73 -5 3 -0.6964 0.4178 5 0.6964
5.77 -5 4 -0.6964 0.5571 6 0.8357
5.8 -4 3 -0.555 0.4162 5 0.6937
5.83 -5 4 -0.6965 0.5572 6 0.8358
5.87 -5 5 -0.6964 0.6964 7 0.9749
5.9 -6 5 -0.8326 0.6938 7 0.9713
5.93 -5 4 -0.6937 0.555 6 0.8325
5.97 -5 4 -0.6912 0.5529 6 0.8294
6.0 -4 3 -0.5551 0.4163 5 0.6938
6.03 -5 4 -0.6938 0.5551 6 0.8326
6.07 -4 4 -0.5551 0.5551 5 0.6939
6.1 -5 4 -0.6939 0.5551 6 0.8327
6.13 -5 4 -0.6938 0.5551 6 0.8326
6.17 -5 3 -0.6938 0.4163 5 0.6938
6.2 -6 3 -0.8294 0.4147 6 0.8294
6.23 -5 4 -0.6938 0.5551 6 0.8326
6.27 -5 4 -0.6938 0.5551 6 0.8326
6.3 -5 4 -0.6938 0.5551 6 0.8326
6.33 -5 4 -0.6938 0.5551 6 0.8326
6.37 -4 4 -0.5571 0.5571 5 0.6964
6.4 -5 4 -0.6937 0.555 6 0.8325
6.43 -5 4 -0.6938 0.5551 6 0.8326
6.47 -5 3 -0.6937 0.4162 5 0.6937
6.5 -5 4 -0.6937 0.555 6 0.8325
6.53 -5 4 -0.6938 0.5551 6 0.8326
6.57 -5 4 -0.6939 0.5551 6 0.8327
6.6 -5 3 -0.6937 0.4162 5 0.6937
6.63 -5 4 -0.6938 0.5551 6 0.8326
6.67 -5 4 -0.6938 0.5551 6 0.8326
6.7 -5 4 -0.6937 0.555 6 0.8325
6.73 -5 4 -0.6937 0.555 6 0.8325
6.77 -4 4 -0.5551 0.5551 5 0.6938
6.8 -4 4 -0.5551 0.5551 5 0.6939
6.83 -4 4 -0.5551 0.5551 5 0.6939
6.87 -4 4 -0.5551 0.5551 5 0.6939
6.9 -4 4 -0.5551 0.5551 5 0.6939
6.93 -4 4 -0.5551 0.5551 5 0.6938
6.97 -4 4 -0.5551 0.5551 5 0.6938
7.0 -4 4 -0.5551 0.5551 5 0.6939
7.03 -4 4 -0.5551 0.5551 5 0.6938
7.07 -4 4 -0.5551 0.5551 5 0.6938
7.1 -4 4 -0.5551 0.5551 5 0.6938
7.13 -4 4 -0.5551 0.5551 5 0.6938
7.17 -4 4 -0.5551 0.5551 5 0.6938
7.2 -5 4 -0.6939 0.5551 6 0.8327
7.23 -5 4 -0.6938 0.5551 6 0.8326
7.27 -5 4 -0.6939 0.5551 6 0.8327
7.3 -5 4 -0.6938 0.5551 6 0.8326
7.33 -5 4 -0.6937 0.555 6 0.8325
7.37 -5 5 -0.6938 0.6938 7 0.9713
7.4 -5 5 -0.6939 0.6939 7 0.9715
7.43 -5 5 -0.6938 0.6938 7 0.9713
7.47 -5 4 -0.6938 0.5551 6 0.8326
7.5 -5 5 -0.6938 0.6938 7 0.9713
7.53 -5 5 -0.6938 0.6938 7 0.9713
7.57 -5 5 -0.6938 0.6938 7 0.9713
7.6 -6 4 -0.8358 0.5572 7 0.9751
7.63 -6 4 -0.8358 0.5572 7 0.9751
7.67 -6 4 -0.8358 0.5572 7 0.9751
7.7 -5 3 -0.6938 0.4163 5 0.6938
7.73 -5 4 -0.6938 0.5551 6 0.8326
7.77 -5 4 -0.6938 0.5551 6 0.8326
7.8 -5 4 -0.6938 0.5551 6 0.8326
7.83 -5 4 -0.6938 0.5551 6 0.8326
7.87 -5 4 -0.6938 0.5551 6 0.8326
7.9 -5 4 -0.6938 0.5551 6 0.8326
7.93 -5 4 -0.6938 0.5551 6 0.8326
7.97 -5 4 -0.6938 0.5551 6 0.8326
8.0 -5 4 -0.6938 0.5551 6 0.8326
8.03 -4 4 -0.5551 0.5551 5 0.6938
8.07 -5 4 -0.6938 0.5551 6 0.8326
8.1 -5 4 -0.6938 0.5551 6 0.8326
8.13 -5 4 -0.6938 0.5551 6 0.8326
8.17 -5 4 -0.6938 0.5551 6 0.8326
8.2 -5 4 -0.6938 0.5551 6 0.8326
8.23 -5 4 -0.6938 0.5551 6 0.8326
8.27 -5 4 -0.6938 0.5551 6 0.8326
8.3 -5 4 -0.6938 0.5551 6 0.8326
8.33 -5 4 -0.6938 0.5551 6 0.8326
8.37 -5 4 -0.6938 0.5551 6 0.8326
8.4 -5 4 -0.6939 0.5551 6 0.8327
8.43 -5 4 -0.6939 0.5551 6 0.8327
8.47 -5 4 -0.6938 0.5551 6 0.8326
8.5 -5 4 -0.6938 0.5551 6 0.8326
8.53 -5 4 -0.6939 0.5551 6 0.8327
8.57 -5 4 -0.6938 0.5551 6 0.8326
8.6 -5 4 -0.6938 0.5551 6 0.8326
8.63 -4 3 -0.5551 0.4163 5 0.6938
8.67 -4 3 -0.5551 0.4163 5 0.6939
8.7 -4 3 -0.5551 0.4163 5 0.6939
8.73 -4 3 -0.5551 0.4163 5 0.6939
8.77 -4 3 -0.5551 0.4163 5 0.6939
8.8 -4 3 -0.5572 0.4179 5 0.6965
8.83 -4 3 -0.5572 0.4179 5 0.6965
8.87 -4 3 -0.5551 0.4163 5 0.6938
8.9 -4 3 -0.5551 0.4163 5 0.6938
8.93 -4 3 -0.5551 0.4163 5 0.6938
8.97 -4 2 -0.5551 0.2775 4 0.5551
9.0 -4 2 -0.5551 0.2775 4 0.5551
9.03 -4 2 -0.5551 0.2775 4 0.5551
9.07 -4 2 -0.5551 0.2775 4 0.5551
9.1 -5 2 -0.6938 0.2775 5 0.6938
9.13 -4 2 -0.5551 0.2775 4 0.5551
9.17 -4 2 -0.5551 0.2775 4 0.5551
9.2 -4 2 -0.5551 0.2775 4 0.5551
9.23 -4 3 -0.5551 0.4163 5 0.6938
9.27 -4 3 -0.5551 0.4163 5 0.6939
9.3 -4 3 -0.5551 0.4163 5 0.6939
9.33 -4 3 -0.5551 0.4163 5 0.6939
9.37 -4 3 -0.5551 0.4163 5 0.6939
9.4 -4 3 -0.5551 0.4163 5 0.6938
9.43 -4 2 -0.5551 0.2775 4 0.5551
9.47 -4 2 -0.5551 0.2775 4 0.5551
9.5 -4 3 -0.555 0.4162 5 0.6937
9.53 -4 3 -0.555 0.4162 5 0.6937
9.57 -4 3 -0.555 0.4162 5 0.6937
9.6 -4 3 -0.5551 0.4163 5 0.6939
9.63 -4 3 -0.5551 0.4163 5 0.6939
9.67 -4 3 -0.5551 0.4163 5 0.6939
9.7 -4 3 -0.5551 0.4163 5 0.6939
9.73 -4 3 -0.5551 0.4163 5 0.6939
9.77 -4 3 -0.5551 0.4163 5 0.6939
9.8 -4 3 -0.5551 0.4163 5 0.6939
9.83 -4 3 -0.5551 0.4163 5 0.6939
9.87 -4 3 -0.5551 0.4163 5 0.6939
9.9 -4 3 -0.5551 0.4163 5 0.6939
9.93 -4 3 -0.5551 0.4163 5 0.6939
9.97 -4 3 -0.5551 0.4163 5 0.6939
10.0 -4 3 -0.5551 0.4163 5 0.6939
10.03 -5 3 -0.6939 0.4163 5 0.6939
10.07 -4 3 -0.5551 0.4163 5 0.6938
10.1 -4 3 -0.5551 0.4163 5 0.6938
10.13 -4 3 -0.5551 0.4163 5 0.6938
10.17 -4 3 -0.5551 0.4163 5 0.6938
10.2 -4 3 -0.5551 0.4163 5 0.6938
10.23 -4 3 -0.5551 0.4163 5 0.6939
10.27 -4 3 -0.5551 0.4163 5 0.6939
10.3 -4 3 -0.5551 0.4163 5 0.6939
10.33 -4 3 -0.5551 0.4163 5 0.6939
10.37 -4 3 -0.5551 0.4163 5 0.6939
10.4 -5 4 -0.6939 0.5551 6 0.8327
10.43 -5 4 -0.6939 0.5551 6 0.8327
10.47 -5 4 -0.6939 0.5551 6 0.8327
10.5 -5 4 -0.6939 0.5551 6 0.8327
10.53 -5 5 -0.6939 0.6939 7 0.9715
10.57 -5 5 -0.6939 0.6939 7 0.9715
10.6 -5 5 -0.6939 0.6939 7 0.9715
10.63 -5 5 -0.6939 0.6939 7 0.9715
10.67 -5 5 -0.6938 0.6938 7 0.9713
10.7 -5 5 -0.6938 0.6938 7 0.9713
10.73 -5 5 -0.6938 0.6938 7 0.9713
10.77 -5 5 -0.6938 0.6938 7 0.9713
10.8 -6 4 -0.8327 0.5551 7 0.9715
10.83 -4 5 -0.5551 0.6939 6 0.8327
10.87 -6 5 -0.8327 0.6939 7 0.9715
10.9 -6 5 -0.8327 0.6939 7 0.9715
10.93 -5 4 -0.6939 0.5551 6 0.8327
10.97 -4 3 -0.5551 0.4163 5 0.6939
11.0 -4 3 -0.5551 0.4163 5 0.6939
11.03 -4 2 -0.5551 0.2776 4 0.5551
11.07 -5 3 -0.6939 0.4163 5 0.6939
11.1 -5 2 -0.6939 0.2776 5 0.6939
11.13 -4 5 -0.5573 0.6966 6 0.8359
11.17 -4 5 -0.5551 0.6939 6 0.8327
11.2 -4 -1 -0.5551 -0.1388 4 0.5551
11.23 -4 -1 -0.5572 -0.1393 4 0.5572
11.27 -4 -1 -0.5572 -0.1393 4 0.5572
11.3 -4 -1 -0.5572 -0.1393 4 0.5572
11.33 -4 -1 -0.5551 -0.1388 4 0.5551
11.37 -4 -2 -0.5551 -0.2775 4 0.5551
11.4 -4 -2 -0.5572 -0.2786 4 0.5572
11.43 -4 -2 -0.5572 -0.2786 4 0.5572
11.47 -4 -2 -0.5572 -0.2786 4 0.5572
11.5 -4 -2 -0.5572 -0.2786 4 0.5572
11.53 -4 -2 -0.5572 -0.2786 4 0.5572
11.57 -4 -2 -0.5572 -0.2786 4 0.5572
11.6 -3 -2 -0.4163 -0.2776 3 0.4163
11.63 -3 -3 -0.4163 -0.4163 4 0.5551
11.67 -3 -3 -0.4163 -0.4163 4 0.5551
11.7 -4 -3 -0.5551 -0.4163 5 0.6939
11.73 -3 -3 -0.4179 -0.4179 4 0.5573
11.77 -3 -3 -0.4179 -0.4179 4 0.5573
11.8 -3 -3 -0.4179 -0.4179 4 0.5573
11.83 -3 -3 -0.4179 -0.4179 4 0.5573
11.87 -3 -3 -0.4179 -0.4179 4 0.5573
11.9 -3 -3 -0.4179 -0.4179 4 0.5573
11.93 -3 -3 -0.4179 -0.4179 4 0.5573
11.97 -3 -3 -0.4179 -0.4179 4 0.5573
12.0 -4 -4 -0.5551 -0.5551 5 0.6938
12.03 -4 -4 -0.5551 -0.5551 5 0.6939
12.07 -4 -4 -0.5551 -0.5551 5 0.6938
12.1 -4 -5 -0.5551 -0.6938 6 0.8326
12.13 -4 -5 -0.5551 -0.6938 6 0.8326
12.17 -5 -5 -0.6938 -0.6938 7 0.9713
12.2 -5 -5 -0.6938 -0.6938 7 0.9713
12.23 -3 -5 -0.4163 -0.6938 5 0.6938
12.27 -3 -5 -0.4163 -0.6938 5 0.6938
12.3 -3 -5 -0.4163 -0.6938 5 0.6938
12.33 -4 -4 -0.5573 -0.5573 5 0.6966
12.37 -4 -4 -0.5573 -0.5573 5 0.6966
12.4 -3 -3 -0.4163 -0.4163 4 0.5551
12.43 -3 -3 -0.4179 -0.4179 4 0.5573
12.47 -3 -4 -0.4179 -0.5573 5 0.6966
12.5 -3 -3 -0.4179 -0.4179 4 0.5573
12.53 -3 -4 -0.4179 -0.5573 5 0.6966
12.57 -3 -4 -0.4179 -0.5573 5 0.6966
12.6 -3 -3 -0.4163 -0.4163 4 0.5551
12.63 -3 -3 -0.4163 -0.4163 4 0.5551
12.67 -3 -3 -0.4163 -0.4163 4 0.5551
12.7 -3 -3 -0.4163 -0.4163 4 0.5551
12.73 -3 -3 -0.4163 -0.4163 4 0.5551
12.77 -3 -3 -0.4163 -0.4163 4 0.5551
12.8 -4 -3 -0.5551 -0.4163 5 0.6939
12.83 -3 -3 -0.4163 -0.4163 4 0.5551
12.87 -5 -3 -0.6939 -0.4163 5 0.6939
12.9 -5 -3 -0.6939 -0.4163 5 0.6939
12.93 -4 -3 -0.5551 -0.4163 5 0.6939
12.97 -4 -3 -0.5551 -0.4163 5 0.6939
13.0 -4 -3 -0.5551 -0.4163 5 0.6939
13.03 -4 -3 -0.5551 -0.4163 5 0.6939
13.07 -4 -3 -0.5551 -0.4163 5 0.6939
13.1 -3 -3 -0.4163 -0.4163 4 0.5551
13.13 -3 -3 -0.4163 -0.4163 4 0.5551
13.17 -3 -3 -0.4163 -0.4163 4 0.5551
13.2 -3 -4 -0.4163 -0.5551 5 0.6939
13.23 -3 -3 -0.4163 -0.4163 4 0.5551
13.27 -3 -3 -0.4163 -0.4163 4 0.5551
13.3 -3 -3 -0.4163 -0.4163 4 0.5551
13.33 -3 -4 -0.4163 -0.5551 5 0.6939
13.37 -3 -3 -0.4163 -0.4163 4 0.5551
13.4 -3 -3 -0.4163 -0.4163 4 0.5551
13.43 -3 -3 -0.4163 -0.4163 4 0.5551
13.47 -3 -3 -0.4163 -0.4163 4 0.5551
13.5 -3 -3 -0.4163 -0.4163 4 0.5551
13.53 -3 -3 -0.4163 -0.4163 4 0.5551
13.57 -3 -3 -0.4163 -0.4163 4 0.5551
13.6 -4 -4 -0.5551 -0.5551 5 0.6939
13.63 -4 -4 -0.5551 -0.5551 5 0.6939
13.67 -3 -3 -0.4163 -0.4163 4 0.5551
13.7 -3 -3 -0.4163 -0.4163 4 0.5551
13.73 -3 -3 -0.4163 -0.4163 4 0.5551
13.77 -3 -4 -0.4163 -0.5551 5 0.6939
13.8 -3 -4 -0.4163 -0.5551 5 0.6939
13.83 -3 -3 -0.4163 -0.4163 4 0.5551
13.87 -3 -4 -0.4163 -0.5551 5 0.6939
13.9 -3 -4 -0.4163 -0.5551 5 0.6939
13.93 -3 -4 -0.4163 -0.5551 5 0.6939
13.97 -3 -3 -0.4163 -0.4163 4 0.5551
14.0 -4 -4 -0.5573 -0.5573 5 0.6966
14.03 -4 -3 -0.5573 -0.4179 5 0.6966
14.07 -4 -3 -0.5573 -0.4179 5 0.6966
14.1 -4 -3 -0.5573 -0.4179 5 0.6966
14.13 -4 -3 -0.5573 -0.4179 5 0.6966
14.17 -5 -3 -0.6966 -0.4179 5 0.6966
14.2 -4 -3 -0.5573 -0.4179 5 0.6966
14.23 -4 -3 -0.5573 -0.4179 5 0.6966
14.27 -4 -1 -0.5573 -0.1393 4 0.5573
14.3 -4 -1 -0.5573 -0.1393 4 0.5573
14.33 -4 0 -0.5573 0.0 4 0.5573
14.37 -4 0 -0.5551 0.0 4 0.5551
14.4 -4 1 -0.5551 0.1388 4 0.5551
14.43 -5 2 -0.6938 0.2775 5 0.6938
14.47 -5 5 -0.6938 0.6938 7 0.9713
14.5 -6 5 -0.8326 0.6938 7 0.9713
14.53 -5 6 -0.6939 0.8327 7 0.9715
14.57 -6 6 -0.8327 0.8327 8 1.1102
14.6 -6 5 -0.8326 0.6938 7 0.9713
14.63 -6 6 -0.8326 0.8326 8 1.1101
14.67 -6 5 -0.8358 0.6965 7 0.9751
14.7 -6 5 -0.8358 0.6965 7 0.9751
14.73 -6 5 -0.8358 0.6965 7 0.9751
14.77 -6 5 -0.8358 0.6965 7 0.9751
14.8 -6 5 -0.8294 0.6912 7 0.9676
14.83 -6 6 -0.8294 0.8294 8 1.1059
14.87 -6 5 -0.8294 0.6912 7 0.9676
14.9 -6 5 -0.8294 0.6912 7 0.9676
