jue, 18 abr 2024 22:17:45
Tiempo total del proceso: 20.503182587999987

Coordenadas objeto 1: 
Tiempo      X(px)      Y(px)      X(cm)      Y(cm)      Dist. centro (px)      Dist. centro (cm)
0.05 -54 48 -10.8536 9.6476 72 14.4714
0.1 -54 48 -10.7988 9.5989 72 14.3983
0.15 -54 48 -10.7988 9.5989 72 14.3983
0.2 -54 48 -10.7988 9.5989 72 14.3983
0.24 -55 48 -10.9987 9.5989 73 14.5983
0.28 -54 47 -10.7988 9.3989 71 14.1984
0.32 -54 47 -10.8536 9.4466 71 14.2704
0.36 -54 47 -10.8536 9.4466 71 14.2704
0.41 -55 48 -11.0546 9.6476 73 14.6724
0.45 -54 47 -10.7994 9.3995 71 14.1993
0.49 -54 48 -10.7994 9.5995 72 14.3993
0.53 -54 47 -10.9096 9.4954 71 14.3442
0.57 -55 47 -11.0536 9.4458 72 14.4701
0.62 -54 47 -8.1924 7.1305 71 10.7715
0.66 -54 47 -10.8526 9.4458 71 14.2691
0.7 -55 47 -11.1117 9.4954 72 14.5462
0.74 -55 47 -11.1117 9.4954 72 14.5462
0.78 -54 46 -10.8543 9.2462 70 14.0703
0.82 -54 47 -10.8543 9.4472 71 14.2713
0.86 -55 47 -11.0553 9.4472 72 14.4724
0.9 -54 47 -10.8543 9.4472 71 14.2713
0.95 -53 46 -10.6533 9.2462 70 14.0703
0.99 -53 47 -10.5999 9.3999 70 13.9998
1.03 -54 47 -10.7999 9.3999 71 14.1998
1.07 -54 46 -10.8536 9.2456 70 14.0694
1.11 -54 47 -10.8536 9.4466 71 14.2704
1.15 -55 46 -11.0546 9.2456 71 14.2704
1.19 -54 47 -10.8536 9.4466 71 14.2704
1.23 -55 47 -11.0546 9.4466 72 14.4714
1.27 -54 47 -10.8536 9.4466 71 14.2704
1.32 -54 47 -10.8536 9.4466 71 14.2704
1.36 -54 47 -10.8536 9.4466 71 14.2704
1.4 -55 47 -11.0546 9.4466 72 14.4714
1.44 -55 47 -11.0546 9.4466 72 14.4714
1.48 -55 47 -11.0546 9.4466 72 14.4714
1.52 -55 47 -11.0546 9.4466 72 14.4714
1.56 -55 47 -11.0553 9.4472 72 14.4724
1.61 -54 46 -10.8543 9.2462 70 14.0703
1.66 -53 46 -10.5995 9.1995 70 13.9993
1.72 -51 46 -10.2512 9.2462 68 13.6683
1.76 -49 46 -9.8486 9.2456 67 13.4665
1.8 -48 48 -9.6476 9.6476 67 13.4665
1.84 -45 48 -9.0446 9.6476 65 13.0645
1.89 -41 49 -8.2407 9.8486 63 12.6625
1.93 -37 51 -7.4367 10.2506 63 12.6625
1.97 -32 52 -6.4322 10.4523 61 12.2613
2.01 -27 54 -5.4268 10.8536 60 12.0595
2.05 -22 55 -4.4221 11.0553 59 11.8593
2.09 -15 57 -3.0151 11.4573 58 11.6583
2.13 -9 58 -1.809 11.6583 58 11.6583
2.17 -3 60 -0.603 12.0603 60 12.0603
2.21 4 63 0.8 12.5994 63 12.5994
2.25 11 67 2.2111 13.4673 67 13.4673
2.3 18 71 3.6181 14.2713 73 14.6734
2.34 25 73 5.0251 14.6734 77 15.4774
2.38 32 75 6.4322 15.0754 81 16.2814
2.42 38 78 7.6382 15.6784 86 17.2864
2.46 43 80 8.6432 16.0804 90 18.0904
2.5 48 81 9.6482 16.2814 94 18.8945
2.54 53 83 10.6533 16.6834 98 19.6985
2.58 56 82 11.3137 16.5665 99 20.001
2.62 60 83 12.0603 16.6834 102 20.5025
2.67 63 83 12.6633 16.6834 104 20.9045
2.71 65 83 13.0645 16.6823 105 21.1042
2.75 68 83 13.7372 16.7674 107 21.6158
2.79 69 83 13.9392 16.7674 107 21.6158
2.83 69 83 13.9392 16.7674 107 21.6158
2.87 69 83 13.9401 16.7685 107 21.6172
2.91 68 82 13.7381 16.5665 106 21.4152
2.95 68 82 13.7381 16.5665 106 21.4152
2.99 69 80 13.9401 16.1624 105 21.2132
3.04 70 80 14.0694 16.0794 106 21.3051
3.08 71 80 14.3442 16.1624 106 21.4152
3.12 71 78 14.3442 15.7584 105 21.2132
3.16 72 78 14.5462 15.7584 106 21.4152
3.2 72 76 14.5462 15.3543 104 21.0112
3.24 72 76 14.5462 15.3543 104 21.0112
3.28 73 75 14.7482 15.1523 104 21.0112
3.32 74 75 14.9502 15.1523 105 21.2132
3.36 75 75 15.1523 15.1523 106 21.4152
3.4 75 75 15.1523 15.1523 106 21.4152
3.45 75 75 15.1523 15.1523 106 21.4152
3.49 75 75 15.1523 15.1523 106 21.4152
3.53 74 77 14.9493 15.5553 106 21.4138
3.57 73 76 14.6724 15.2754 105 21.1042
3.61 73 76 14.6724 15.2754 105 21.1042
3.65 72 76 14.4714 15.2754 104 20.9032
3.69 72 77 14.4714 15.4764 105 21.1042
3.73 72 77 14.4714 15.4764 105 21.1042
3.77 72 77 14.4714 15.4764 105 21.1042
3.81 72 77 14.5452 15.5553 105 21.2118
3.86 72 77 14.5452 15.5553 105 21.2118
3.9 72 77 14.5452 15.5553 105 21.2118
3.94 73 77 14.7473 15.5553 106 21.4138
3.98 72 77 14.5452 15.5553 105 21.2118
4.02 73 77 14.7473 15.5553 106 21.4138
4.06 73 77 14.7482 15.5563 106 21.4152
4.1 73 77 14.6734 15.4774 106 21.3065
4.14 74 77 14.8744 15.4774 106 21.3065
4.18 74 77 14.8744 15.4774 106 21.3065
4.22 74 77 14.8744 15.4774 106 21.3065
4.27 73 77 14.6734 15.4774 106 21.3065
4.31 73 77 14.6734 15.4774 106 21.3065
4.35 73 76 14.6734 15.2764 105 21.1055
4.39 73 76 14.6734 15.2764 105 21.1055
4.43 73 76 14.6734 15.2764 105 21.1055
4.47 73 77 14.6734 15.4774 106 21.3065
4.51 73 77 14.6734 15.4774 106 21.3065
4.55 74 76 14.8744 15.2764 106 21.3065
4.6 74 76 14.8744 15.2764 106 21.3065
4.64 74 76 14.8744 15.2764 106 21.3065
4.68 74 76 14.9502 15.3543 106 21.4152
4.72 74 76 14.9502 15.3543 106 21.4152
4.76 74 76 14.9502 15.3543 106 21.4152
4.8 74 76 14.9502 15.3543 106 21.4152
4.84 74 76 14.9502 15.3543 106 21.4152
4.88 75 76 15.1523 15.3543 106 21.4152
4.92 75 77 15.1523 15.5563 107 21.6172
4.97 73 76 14.7482 15.3543 105 21.2132
5.01 71 76 14.3442 15.3543 104 21.0112
5.05 67 74 13.3985 14.7983 99 19.7977
5.09 62 70 12.3986 13.9984 93 18.5979
5.13 55 67 10.9987 13.3985 86 17.198
5.17 44 62 8.799 12.3986 76 15.1983
5.21 32 57 6.4317 11.4565 65 13.0645
5.25 20 53 4.0198 10.6526 56 11.2555
5.3 4 49 0.804 9.8486 49 9.8486
5.34 -11 47 -2.2109 9.4466 48 9.6476
5.38 -27 45 -5.4268 9.0446 52 10.4516
5.42 -43 43 -8.6427 8.6427 60 12.0595
5.46 -58 44 -11.6575 8.8436 72 14.4714
5.5 -74 44 -14.8734 8.8436 86 17.2853
5.54 -90 47 -18.1827 9.4954 101 20.4051
5.58 -104 49 -21.0112 9.8995 114 23.0315
5.62 -117 50 -23.6375 10.1015 127 25.6578
5.67 -131 53 -26.466 10.7076 141 28.4863
5.71 -142 56 -28.6883 11.3137 152 30.7086
5.75 -150 59 -30.1507 11.8593 161 32.3618
5.79 -156 61 -31.3568 12.2613 167 33.5678
5.83 -161 63 -32.3618 12.6633 172 34.5728
5.87 -164 64 -32.9648 12.8643 176 35.3769
5.91 -164 64 -33.133 12.9299 176 35.5573
5.95 -163 63 -32.9309 12.7279 174 35.1533
5.99 -159 61 -32.1228 12.3238 170 34.3452
6.03 -152 60 -30.5527 12.0603 163 32.7638
6.08 -147 58 -29.5489 11.6587 158 31.76
6.12 -141 55 -28.3417 11.0553 151 30.3517
6.16 -129 52 -26.0619 10.5056 139 28.0822
6.2 -119 49 -24.0416 9.8995 128 25.8599
6.24 -109 48 -22.0213 9.6975 119 24.0416
6.28 -98 47 -19.799 9.4954 108 21.8193
6.32 -86 46 -17.3746 9.2934 97 19.5969
6.36 -74 45 -14.9502 9.0914 86 17.3746
6.41 -62 44 -12.5259 8.8893 76 15.3543
6.45 -51 45 -10.3035 9.0914 68 13.7381
6.49 -40 45 -8.0812 9.0914 60 12.1218
6.53 -28 46 -5.6281 9.2462 53 10.6533
6.57 -19 47 -3.8191 9.4472 50 10.0502
6.61 -9 47 -1.809 9.4472 47 9.4472
6.65 0 48 0.0 9.6482 48 9.6482
6.69 6 49 1.206 9.8492 49 9.8492
6.74 12 49 2.4244 9.8995 50 10.1015
6.78 16 50 3.2325 10.1015 52 10.5056
6.82 19 51 3.8387 10.3039 54 10.9101
6.86 21 51 4.2428 10.3039 55 11.1121
6.9 22 51 4.4448 10.3039 55 11.1121
6.94 20 51 4.0408 10.3039 54 10.9101
6.98 18 51 3.6367 10.3039 54 10.9101
7.02 14 49 2.8142 9.8496 50 10.0506
7.06 11 49 2.2111 9.8496 50 10.0506
7.11 5 49 1.0051 9.8496 49 9.8496
7.15 -1 48 -0.201 9.6486 48 9.6486
7.19 -8 47 -1.6081 9.4476 47 9.4476
7.23 -17 46 -3.4172 9.2466 49 9.8496
7.27 -26 44 -5.2263 8.8446 51 10.2516
7.31 -34 44 -6.8344 8.8446 55 11.0557
7.35 -43 44 -8.6435 8.8446 61 12.2618
7.39 -52 44 -10.4523 8.8442 68 13.6683
7.43 -60 44 -12.0603 8.8442 74 14.8744
7.48 -69 44 -13.8693 8.8442 81 16.2814
7.52 -76 45 -15.2764 9.0452 88 17.6884
7.56 -84 46 -16.8844 9.2462 95 19.0955
7.6 -91 46 -18.2914 9.2462 101 20.3015
7.64 -97 47 -19.4975 9.4472 107 21.5075
7.68 -103 48 -20.7035 9.6482 113 22.7136
7.72 -108 48 -21.7085 9.6482 118 23.7186
7.76 -111 49 -22.3115 9.8492 121 24.3216
7.8 -114 49 -22.9146 9.8492 124 24.9246
7.84 -115 49 -23.1156 9.8492 125 25.1256
7.89 -116 49 -23.3166 9.8492 125 25.1256
7.93 -117 49 -23.5176 9.8492 126 25.3266
7.97 -116 49 -23.3166 9.8492 125 25.1256
8.01 -115 49 -23.1156 9.8492 125 25.1256
8.05 -112 49 -22.5125 9.8492 122 24.5226
8.09 -108 49 -21.7085 9.8492 118 23.7186
8.13 -104 48 -20.9045 9.6482 114 22.9146
8.17 -100 47 -20.1005 9.4472 110 22.1105
8.22 -95 47 -19.0955 9.4472 105 21.1055
8.26 -90 46 -18.0904 9.2462 101 20.3015
8.3 -85 46 -17.0854 9.2462 96 19.2965
8.34 -77 45 -15.5563 9.0914 89 17.9807
8.38 -72 44 -14.5462 8.8893 84 16.9705
8.42 -66 43 -13.334 8.6873 78 15.7584
8.46 -60 44 -12.1218 8.8893 74 14.9502
8.5 -55 44 -11.0546 8.8436 70 14.0694
8.54 -49 44 -9.8486 8.8436 65 13.0645
8.58 -42 44 -8.4417 8.8436 60 12.0595
8.63 -37 45 -7.4367 9.0446 58 11.6575
8.67 -32 45 -6.4317 9.0446 55 11.0546
8.71 -27 46 -5.4268 9.2456 53 10.6526
8.75 -23 46 -4.6228 9.2456 51 10.2506
8.79 -20 47 -4.0198 9.4466 51 10.2506
8.83 -17 47 -3.4169 9.4466 49 9.8486
8.87 -15 48 -3.0149 9.6476 50 10.0496
8.91 -14 48 -2.8139 9.6476 50 10.0496
8.95 -12 48 -2.4119 9.6476 49 9.8486
8.99 -13 47 -2.6131 9.4472 48 9.6482
9.04 -13 47 -2.6131 9.4472 48 9.6482
9.08 -15 47 -3.0151 9.4472 49 9.8492
9.12 -16 47 -3.2161 9.4472 49 9.8492
9.16 -18 47 -3.6181 9.4472 50 10.0502
9.2 -21 46 -4.2211 9.2462 50 10.0502
9.24 -24 46 -4.8241 9.2462 51 10.2512
9.28 -29 45 -5.8291 9.0452 53 10.6533
9.32 -33 46 -6.6332 9.2462 56 11.2563
9.36 -37 45 -7.4372 9.0452 58 11.6583
9.4 -42 45 -8.4422 9.0452 61 12.2613
9.45 -48 45 -9.6482 9.0452 65 13.0653
9.49 -51 45 -10.2512 9.0452 68 13.6683
9.53 -56 46 -11.2563 9.2462 72 14.4724
9.57 -60 45 -12.0603 9.0452 75 15.0754
9.61 -64 45 -12.8643 9.0452 78 15.6784
9.65 -69 44 -13.8693 8.8442 81 16.2814
9.69 -73 45 -14.6734 9.0452 85 17.0854
9.73 -76 45 -15.2764 9.0452 88 17.6884
9.77 -79 45 -15.8794 9.0452 90 18.0904
9.82 -81 45 -16.2814 9.0452 92 18.4924
9.86 -84 45 -16.8844 9.0452 95 19.0955
9.9 -86 45 -17.2864 9.0452 97 19.4975
9.94 -87 45 -17.4863 9.0446 97 19.4962
9.98 -89 46 -17.8883 9.2456 100 20.0992
10.02 -90 46 -18.0893 9.2456 101 20.3002
10.06 -90 46 -18.0893 9.2456 101 20.3002
10.1 -90 46 -18.0893 9.2456 101 20.3002
10.15 -89 46 -17.8883 9.2456 100 20.0992
10.19 -87 46 -17.4863 9.2456 98 19.6972
10.23 -87 45 -17.4863 9.0446 97 19.4962
10.27 -84 45 -16.8833 9.0446 95 19.0942
10.31 -81 44 -16.2803 8.8436 92 18.4913
10.35 -80 45 -16.0794 9.0446 91 18.2903
10.39 -77 45 -15.4764 9.0446 89 17.8883
10.43 -74 45 -14.8734 9.0446 86 17.2853
10.47 -72 45 -14.4714 9.0446 84 16.8833
10.52 -69 45 -13.8684 9.0446 82 16.4813
10.56 -65 45 -13.0645 9.0446 79 15.8784
10.6 -61 45 -12.2605 9.0446 75 15.0744
10.64 -56 45 -11.2555 9.0446 71 14.2704
10.68 -53 45 -10.6526 9.0446 69 13.8684
10.72 -49 45 -9.8486 9.0446 66 13.2655
10.76 -46 45 -9.2456 9.0446 64 12.8635
10.8 -43 45 -8.6427 9.0446 62 12.4615
10.84 -40 45 -8.0397 9.0446 60 12.0595
10.88 -37 45 -7.4367 9.0446 58 11.6575
10.93 -35 45 -7.0347 9.0446 57 11.4565
10.97 -33 45 -6.6332 9.0452 55 11.0553
11.01 -32 46 -6.4322 9.2462 56 11.2563
11.05 -30 46 -6.0301 9.2462 54 10.8543
11.09 -29 46 -5.8291 9.2462 54 10.8543
11.13 -29 46 -5.8291 9.2462 54 10.8543
11.17 -29 46 -5.8291 9.2462 54 10.8543
11.21 -30 45 -6.0301 9.0452 54 10.8543
11.25 -31 46 -6.2312 9.2462 55 11.0553
11.29 -32 46 -6.4322 9.2462 56 11.2563
11.34 -32 45 -6.4322 9.0452 55 11.0553
11.38 -34 45 -6.8342 9.0452 56 11.2563
11.42 -36 45 -7.2362 9.0452 57 11.4573
11.46 -39 45 -7.8392 9.0452 59 11.8593
11.5 -42 45 -8.4422 9.0452 61 12.2613
11.54 -44 45 -8.8442 9.0452 62 12.4623
11.58 -48 45 -9.6482 9.0452 65 13.0653
11.62 -49 45 -9.8492 9.0452 66 13.2663
11.66 -53 45 -10.6533 9.0452 69 13.8693
11.71 -57 45 -11.4573 9.0452 72 14.4724
11.75 -59 45 -11.8593 9.0452 74 14.8744
11.79 -62 45 -12.4623 9.0452 76 15.2764
11.83 -65 45 -13.0653 9.0452 79 15.8794
11.87 -68 44 -13.6683 8.8442 80 16.0804
11.91 -70 44 -14.0703 8.8442 82 16.4824
11.95 -72 45 -14.3993 8.9995 84 16.7991
11.99 -74 45 -14.7992 8.9995 86 17.1991
12.03 -75 45 -14.9992 8.9995 87 17.3991
12.07 -76 45 -15.1992 8.9995 88 17.5991
12.12 -77 44 -15.3992 8.7996 88 17.5991
12.16 -77 44 -15.3992 8.7996 88 17.5991
12.2 -78 44 -15.6784 8.8442 89 17.8894
12.24 -79 45 -15.8794 9.0452 90 18.0904
12.28 -78 44 -15.6784 8.8442 89 17.8894
12.32 -77 44 -15.4774 8.8442 88 17.6884
12.36 -76 45 -15.2764 9.0452 88 17.6884
12.4 -76 44 -15.1992 8.7996 87 17.3991
12.44 -74 45 -14.8734 9.0446 86 17.2853
12.49 -73 44 -14.6724 8.8436 85 17.0843
12.53 -72 44 -14.4714 8.8436 84 16.8833
12.57 -70 45 -14.0694 9.0446 83 16.6823
12.61 -68 45 -13.6675 9.0446 81 16.2803
12.65 -65 45 -13.0645 9.0446 79 15.8784
12.69 -64 45 -12.8635 9.0446 78 15.6774
12.73 -61 45 -12.2605 9.0446 75 15.0744
12.77 -60 45 -12.0595 9.0446 75 15.0744
12.81 -56 45 -11.2555 9.0446 71 14.2704
12.85 -54 44 -10.8536 8.8436 69 13.8684
12.9 -51 44 -10.2506 8.8436 67 13.4665
12.94 -48 45 -9.5989 8.999 65 12.9985
12.98 -46 45 -9.2456 9.0446 64 12.8635
13.02 -45 45 -9.0446 9.0446 63 12.6625
13.06 -43 45 -8.6427 9.0446 62 12.4615
13.1 -41 45 -8.2407 9.0446 60 12.0595
13.14 -40 46 -8.0397 9.2456 60 12.0595
13.18 -39 45 -7.8387 9.0446 59 11.8585
13.22 -38 45 -7.6377 9.0446 58 11.6575
13.26 -37 45 -7.4367 9.0446 58 11.6575
13.31 -36 45 -7.2357 9.0446 57 11.4565
13.35 -36 46 -7.2357 9.2456 58 11.6575
13.39 -36 46 -7.2357 9.2456 58 11.6575
13.43 -37 45 -7.4372 9.0452 58 11.6583
13.47 -38 45 -7.6382 9.0452 58 11.6583
13.51 -39 45 -7.8392 9.0452 59 11.8593
13.55 -40 45 -8.0402 9.0452 60 12.0603
13.59 -41 45 -8.2412 9.0452 60 12.0603
13.63 -43 45 -8.6432 9.0452 62 12.4623
13.67 -44 45 -8.8442 9.0452 62 12.4623
13.72 -47 45 -9.4472 9.0452 65 13.0653
13.76 -50 45 -10.0502 9.0452 67 13.4673
13.8 -51 45 -10.2512 9.0452 68 13.6683
13.84 -53 44 -10.6533 8.8442 68 13.6683
13.88 -55 45 -11.0553 9.0452 71 14.2713
13.92 -56 45 -11.2563 9.0452 71 14.2713
13.96 -58 45 -11.6583 9.0452 73 14.6734
14.0 -60 45 -12.0603 9.0452 75 15.0754
14.04 -62 45 -12.4623 9.0452 76 15.2764
14.09 -63 45 -12.6633 9.0452 77 15.4774
14.13 -65 45 -13.0653 9.0452 79 15.8794
14.17 -67 45 -13.4673 9.0452 80 16.0804
14.21 -67 44 -13.4673 8.8442 80 16.0804
14.25 -68 44 -13.6683 8.8442 80 16.0804
14.29 -69 44 -13.8693 8.8442 81 16.2814
14.33 -69 44 -13.8693 8.8442 81 16.2814
14.37 -70 44 -14.0703 8.8442 82 16.4824
14.41 -70 45 -14.1421 9.0914 83 16.7685
14.46 -70 45 -14.1412 9.0908 83 16.7674
14.5 -69 44 -13.9392 8.8888 81 16.3634
14.54 -69 45 -13.9392 9.0908 82 16.5654
14.58 -69 45 -13.9392 9.0908 82 16.5654
14.62 -67 45 -13.5351 9.0908 80 16.1614
14.66 -66 45 -13.3331 9.0908 79 15.9594
14.7 -65 45 -13.1311 9.0908 79 15.9594
14.74 -64 45 -12.9291 9.0908 78 15.7573
14.78 -62 46 -12.4615 9.2456 77 15.4764
14.82 -61 45 -12.2605 9.0446 75 15.0744
14.87 -60 45 -12.0595 9.0446 75 15.0744
14.91 -58 45 -11.6583 9.0452 73 14.6734
14.95 -57 45 -11.4573 9.0452 72 14.4724
14.99 -55 45 -11.0553 9.0452 71 14.2713
15.03 -53 45 -10.6533 9.0452 69 13.8693
15.07 -52 45 -10.4523 9.0452 68 13.6683
15.11 -49 44 -9.8492 8.8442 65 13.0653
15.16 -48 44 -9.6482 8.8442 65 13.0653
15.2 -48 45 -9.6482 9.0452 65 13.0653
15.24 -46 45 -9.2462 9.0452 64 12.8643
15.28 -45 44 -9.0452 8.8442 62 12.4623
15.32 -44 44 -8.8446 8.8446 62 12.4628
15.36 -43 44 -8.6435 8.8446 61 12.2618
15.41 -43 46 -8.6427 9.2456 62 12.4615
15.45 -43 46 -8.6427 9.2456 62 12.4615
15.49 -43 46 -8.6427 9.2456 62 12.4615
15.53 -43 46 -8.6427 9.2456 62 12.4615
15.57 -43 46 -8.6432 9.2462 62 12.4623
15.61 -44 46 -8.8442 9.2462 63 12.6633
15.65 -44 45 -8.8442 9.0452 62 12.4623
15.69 -45 46 -9.0452 9.2462 64 12.8643
15.73 -45 45 -9.0452 9.0452 63 12.6633
15.78 -46 45 -9.2462 9.0452 64 12.8643
15.82 -47 45 -9.4472 9.0452 65 13.0653
15.86 -49 46 -9.8492 9.2462 67 13.4673
15.9 -48 46 -9.6968 9.2928 66 13.3331
15.94 -50 45 -10.1009 9.0908 67 13.5351
15.98 -52 45 -10.5049 9.0908 68 13.7372
16.03 -53 45 -10.7069 9.0908 69 13.9392
16.07 -54 44 -10.9089 8.8888 69 13.9392
16.11 -55 45 -11.1109 9.0908 71 14.3432
16.15 -57 45 -11.515 9.0908 72 14.5452
16.19 -58 45 -11.717 9.0908 73 14.7473
16.23 -59 45 -11.919 9.0908 74 14.9493
16.27 -60 45 -12.121 9.0908 75 15.1513
16.31 -60 45 -12.121 9.0908 75 15.1513
16.35 -61 45 -12.2605 9.0446 75 15.0744
16.4 -62 45 -12.4628 9.0456 76 15.277
16.44 -63 45 -12.6638 9.0456 77 15.478
16.48 -63 44 -12.6638 8.8446 76 15.277
16.52 -63 44 -12.6638 8.8446 76 15.277
16.56 -64 45 -12.8648 9.0456 78 15.679
16.6 -63 45 -12.6638 9.0456 77 15.478
16.64 -64 45 -12.8648 9.0456 78 15.679
16.68 -64 45 -12.8648 9.0456 78 15.679
16.73 -64 45 -12.8648 9.0456 78 15.679
16.77 -63 45 -12.6638 9.0456 77 15.478
16.81 -63 44 -12.6638 8.8446 76 15.277
16.85 -62 45 -12.4628 9.0456 76 15.277
16.89 -61 45 -12.3238 9.0914 75 15.1523
16.94 -61 45 -12.2613 9.0452 75 15.0754
16.98 -60 45 -12.0603 9.0452 75 15.0754
17.02 -60 45 -12.0603 9.0452 75 15.0754
17.06 -59 45 -11.8593 9.0452 74 14.8744
17.1 -58 45 -11.6583 9.0452 73 14.6734
17.14 -57 45 -11.4573 9.0452 72 14.4724
17.18 -56 45 -11.2567 9.0456 71 14.2719
17.23 -55 45 -11.0557 9.0456 71 14.2719
17.27 -54 45 -10.8547 9.0456 70 14.0709
17.31 -52 45 -10.4527 9.0456 68 13.6689
17.35 -51 45 -10.2516 9.0456 68 13.6689
17.39 -50 45 -10.1009 9.0908 67 13.5351
17.43 -49 45 -9.8988 9.0908 66 13.3331
17.47 -48 45 -9.6476 9.0446 65 13.0645
17.51 -47 45 -9.4466 9.0446 65 13.0645
17.56 -46 45 -9.2456 9.0446 64 12.8635
17.6 -46 45 -9.2462 9.0452 64 12.8643
17.64 -47 45 -9.4472 9.0452 65 13.0653
17.68 -46 45 -9.2462 9.0452 64 12.8643
17.72 -46 45 -9.2462 9.0452 64 12.8643
17.76 -46 45 -9.2462 9.0452 64 12.8643
17.8 -47 45 -9.4472 9.0452 65 13.0653
17.85 -47 45 -9.4472 9.0452 65 13.0653
17.89 -48 46 -9.6975 9.2934 66 13.334
17.93 -48 46 -9.6975 9.2934 66 13.334
17.97 -49 46 -9.8995 9.2934 67 13.536
18.02 -50 46 -10.1015 9.2934 67 13.536
18.06 -51 45 -10.3035 9.0914 68 13.7381
18.1 -51 45 -10.3035 9.0914 68 13.7381
18.14 -53 45 -10.7076 9.0914 69 13.9401
18.18 -54 45 -10.9089 9.0908 70 14.1412
18.22 -54 45 -10.9096 9.0914 70 14.1421
18.26 -56 45 -11.3137 9.0914 71 14.3442
18.3 -56 45 -11.3137 9.0914 71 14.3442
18.34 -57 45 -11.5157 9.0914 72 14.5462
18.38 -57 45 -11.4565 9.0446 72 14.4714
18.42 -58 45 -11.6575 9.0446 73 14.6724
18.47 -58 45 -11.6575 9.0446 73 14.6724
18.51 -59 45 -11.8585 9.0446 74 14.8734
18.55 -58 45 -11.6575 9.0446 73 14.6724
18.59 -58 45 -11.6575 9.0446 73 14.6724
18.63 -59 45 -11.8585 9.0446 74 14.8734
18.67 -59 45 -11.8585 9.0446 74 14.8734
18.72 -59 45 -11.8585 9.0446 74 14.8734
18.76 -58 45 -11.6575 9.0446 73 14.6724
18.8 -58 45 -11.6575 9.0446 73 14.6724
18.84 -57 45 -11.4565 9.0446 72 14.4714
18.88 -56 45 -11.2563 9.0452 71 14.2713
18.92 -56 45 -11.2563 9.0452 71 14.2713
18.96 -55 45 -11.0553 9.0452 71 14.2713
19.0 -54 45 -10.8543 9.0452 70 14.0703
19.05 -54 45 -10.8543 9.0452 70 14.0703
19.09 -53 45 -10.6533 9.0452 69 13.8693
19.13 -52 45 -10.4523 9.0452 68 13.6683
19.17 -51 45 -10.2512 9.0452 68 13.6683
19.22 -50 45 -10.0502 9.0452 67 13.4673
19.26 -50 45 -10.0502 9.0452 67 13.4673
19.3 -49 45 -9.8492 9.0452 66 13.2663
19.34 -48 45 -9.6482 9.0452 65 13.0653
19.39 -49 45 -9.8492 9.0452 66 13.2663
19.43 -49 45 -9.8492 9.0452 66 13.2663
19.48 -49 45 -9.8492 9.0452 66 13.2663
19.52 -49 45 -9.8492 9.0452 66 13.2663
19.56 -49 45 -9.8492 9.0452 66 13.2663
19.6 -50 45 -10.0502 9.0452 67 13.4673
19.64 -50 45 -10.0502 9.0452 67 13.4673
19.68 -50 45 -10.0502 9.0452 67 13.4673
19.72 -50 45 -10.0502 9.0452 67 13.4673
19.76 -51 46 -10.2512 9.2462 68 13.6683
19.81 -52 45 -10.4523 9.0452 68 13.6683
19.85 -53 44 -10.6533 8.8442 68 13.6683
19.89 -53 45 -10.6526 9.0446 69 13.8684
19.93 -54 45 -10.8536 9.0446 70 14.0694
19.97 -55 45 -11.0546 9.0446 71 14.2704
20.01 -55 45 -11.0546 9.0446 71 14.2704
20.05 -56 45 -11.2555 9.0446 71 14.2704
20.09 -56 45 -11.2563 9.0452 71 14.2713
20.13 -56 45 -11.2555 9.0446 71 14.2704
20.18 -57 45 -11.4565 9.0446 72 14.4714
20.22 -57 45 -11.4565 9.0446 72 14.4714
20.26 -57 45 -11.4565 9.0446 72 14.4714
20.3 -57 45 -11.4565 9.0446 72 14.4714
20.34 -57 45 -11.4565 9.0446 72 14.4714
20.38 -56 45 -11.2563 9.0452 71 14.2713
20.42 -56 44 -11.2563 8.8442 71 14.2713
20.46 -56 45 -11.2555 9.0446 71 14.2704
20.5 -55 45 -11.0546 9.0446 71 14.2704
