jue, 18 abr 2024 22:20:28
Tiempo total del proceso: 20.349590183

Coordenadas objeto 1: 
Tiempo      X(px)      Y(px)      X(cm)      Y(cm)      Dist. centro (px)      Dist. centro (cm)
0.06 1 19 0.1131 2.1497 19 2.1497
0.13 1 17 0.1131 1.9234 17 1.9234
0.17 1 17 0.1131 1.9234 17 1.9234
0.22 0 17 0.0 1.9234 17 1.9234
0.27 1 16 0.1131 1.8103 16 1.8103
0.31 1 16 0.1131 1.8103 16 1.8103
0.35 0 17 0.0 1.9234 17 1.9234
0.39 0 18 0.0 2.0366 18 2.0366
0.43 0 18 0.0 2.0366 18 2.0366
0.48 0 16 0.0 1.8103 16 1.8103
0.52 0 17 0.0 1.9234 17 1.9234
0.56 1 18 0.1131 2.0366 18 2.0366
0.6 1 16 0.1131 1.8103 16 1.8103
0.64 154 148 17.424 16.7451 213 24.0994
0.68 -6 25 -0.6789 2.8286 25 2.8286
0.72 -3 19 -0.3394 2.1497 19 2.1497
0.76 6 12 0.6789 1.3577 13 1.4709
0.8 20 -3 2.2629 -0.3394 20 2.2629
0.85 23 -3 2.6023 -0.3394 23 2.6023
0.89 30 -8 3.3943 -0.9051 31 3.5074
0.93 37 -12 4.1863 -1.3577 38 4.2994
0.98 42 -16 4.752 -1.8103 44 4.9783
1.03 51 -24 5.7703 -2.7154 56 6.336
1.1 -1 16 -0.1131 1.8103 16 1.8103
1.14 2 15 0.2263 1.6971 15 1.6971
1.18 1 16 0.1131 1.8103 16 1.8103
1.22 1 15 0.1131 1.6971 15 1.6971
1.26 2 16 0.2263 1.8103 16 1.8103
1.3 2 16 0.2263 1.8103 16 1.8103
1.34 2 15 0.2263 1.6971 15 1.6971
1.38 3 15 0.3394 1.6971 15 1.6971
1.42 2 15 0.2263 1.6971 15 1.6971
1.46 0 17 0.0 1.9234 17 1.9234
1.5 0 16 0.0 1.8103 16 1.8103
1.54 -1 16 -0.1131 1.8103 16 1.8103
1.58 -1 15 -0.1131 1.6971 15 1.6971
1.62 -1 16 -0.1131 1.8103 16 1.8103
1.66 1 14 0.1131 1.584 14 1.584
1.7 2 13 0.2263 1.4709 13 1.4709
1.74 5 14 0.5657 1.584 14 1.584
1.78 10 16 1.1314 1.8103 18 2.0366
1.82 13 19 1.4709 2.1497 23 2.6023
1.86 18 21 2.0366 2.376 27 3.0549
1.9 24 24 2.7154 2.7154 33 3.7337
1.94 31 26 3.5074 2.9417 40 4.5257
1.98 39 30 4.4126 3.3943 49 5.544
2.02 48 35 5.4309 3.96 59 6.6754
2.07 57 39 6.4491 4.4126 69 7.8069
2.11 69 41 7.8069 4.6389 80 9.0514
2.15 81 46 9.1646 5.2046 93 10.5223
2.19 91 51 10.296 5.7703 104 11.7669
2.23 102 58 11.5406 6.5623 117 13.2377
2.27 114 68 12.8983 7.6937 132 14.9349
2.32 171 174 19.3474 19.6869 243 27.4937
2.36 172 174 19.4606 19.6869 244 27.6069
2.4 133 132 15.048 14.9349 187 21.1577
2.44 133 132 15.048 14.9349 187 21.1577
2.48 172 82 19.4606 9.2777 190 21.4971
2.53 172 174 19.4606 19.6869 244 27.6069
2.57 172 174 19.4606 19.6869 244 27.6069
2.61 172 174 19.4606 19.6869 244 27.6069
2.65 173 102 19.5737 11.5406 200 22.6286
2.69 172 174 19.4606 19.6869 244 27.6069
2.73 172 174 19.4606 19.6869 244 27.6069
2.77 172 174 19.4606 19.6869 244 27.6069
2.81 172 174 19.4606 19.6869 244 27.6069
2.85 172 174 19.4606 19.6869 244 27.6069
2.88 172 174 19.4606 19.6869 244 27.6069
2.92 173 174 19.5737 19.6869 245 27.72
2.97 173 174 19.5737 19.6869 245 27.72
3.01 172 174 19.4606 19.6869 244 27.6069
3.06 173 174 19.5737 19.6869 245 27.72
3.1 172 174 19.4606 19.6869 244 27.6069
3.14 172 174 19.4606 19.6869 244 27.6069
3.18 172 174 19.4606 19.6869 244 27.6069
3.22 173 174 19.5737 19.6869 245 27.72
3.26 173 174 19.5737 19.6869 245 27.72
3.3 173 174 19.5737 19.6869 245 27.72
3.34 173 174 19.5737 19.6869 245 27.72
3.38 172 174 19.4606 19.6869 244 27.6069
3.42 173 174 19.5737 19.6869 245 27.72
3.46 173 174 19.5737 19.6869 245 27.72
3.5 173 174 19.5737 19.6869 245 27.72
3.54 173 174 19.5737 19.6869 245 27.72
3.59 173 174 19.5737 19.6869 245 27.72
3.63 173 174 19.5737 19.6869 245 27.72
3.67 173 174 19.5737 19.6869 245 27.72
3.71 173 174 19.5737 19.6869 245 27.72
3.75 173 174 19.5737 19.6869 245 27.72
3.79 173 174 19.5737 19.6869 245 27.72
3.83 173 174 19.5737 19.6869 245 27.72
3.88 173 174 19.5737 19.6869 245 27.72
3.92 173 174 19.5737 19.6869 245 27.72
3.96 173 175 19.5737 19.8 246 27.8331
4.0 173 175 19.5737 19.8 246 27.8331
4.04 173 174 19.5737 19.6869 245 27.72
4.08 172 174 19.4606 19.6869 244 27.6069
4.12 173 174 19.5737 19.6869 245 27.72
4.16 173 174 19.5737 19.6869 245 27.72
4.2 173 174 19.5737 19.6869 245 27.72
4.24 173 174 19.5737 19.6869 245 27.72
4.28 173 174 19.5737 19.6869 245 27.72
4.32 173 174 19.5737 19.6869 245 27.72
4.36 173 174 19.5737 19.6869 245 27.72
4.4 173 174 19.5737 19.6869 245 27.72
4.44 173 174 19.5737 19.6869 245 27.72
4.48 173 174 19.5737 19.6869 245 27.72
4.52 173 174 19.5737 19.6869 245 27.72
4.56 173 174 19.5737 19.6869 245 27.72
4.6 173 174 19.5737 19.6869 245 27.72
4.64 173 174 19.5737 19.6869 245 27.72
4.68 173 174 19.5737 19.6869 245 27.72
4.72 173 174 19.5737 19.6869 245 27.72
4.76 173 174 19.5737 19.6869 245 27.72
4.8 173 174 19.5737 19.6869 245 27.72
4.84 173 174 19.5737 19.6869 245 27.72
4.88 173 174 19.5737 19.6869 245 27.72
4.92 173 174 19.5737 19.6869 245 27.72
4.96 173 174 19.5737 19.6869 245 27.72
5.0 172 174 19.4606 19.6869 244 27.6069
5.04 173 174 19.5737 19.6869 245 27.72
5.09 173 174 19.5737 19.6869 245 27.72
5.13 173 175 19.5737 19.8 246 27.8331
5.17 167 56 18.8949 6.336 176 19.9131
5.21 155 47 17.5371 5.3177 161 18.216
5.26 134 36 15.1611 4.0731 138 15.6137
5.3 106 24 11.9931 2.7154 108 12.2194
5.34 79 19 8.9383 2.1497 81 9.1646
5.38 50 15 5.6571 1.6971 52 5.8834
5.42 21 10 2.376 1.1314 23 2.6023
5.47 -4 9 -0.4526 1.0183 9 1.0183
5.5 -33 10 -3.7337 1.1314 34 3.8469
5.54 -62 13 -7.0149 1.4709 63 7.128
5.58 -87 17 -9.8434 1.9234 88 9.9566
5.62 -110 19 -12.4457 2.1497 111 12.5589
5.66 -134 26 -15.1611 2.9417 136 15.3874
5.7 -152 33 -17.1977 3.7337 155 17.5371
5.75 -162 37 -18.3291 4.1863 166 18.7817
5.79 -168 42 -19.008 4.752 173 19.5737
5.82 -170 42 -19.2343 4.752 175 19.8
5.86 -172 41 -19.4606 4.6389 176 19.9131
5.91 -172 47 -19.4606 5.3177 178 20.1394
5.95 -171 43 -19.3474 4.8651 176 19.9131
5.99 -169 39 -19.1211 4.4126 173 19.5737
6.03 -166 39 -18.7817 4.4126 170 19.2343
6.07 -159 35 -17.9897 3.96 162 18.3291
6.11 -149 28 -16.8583 3.168 151 17.0846
6.15 -130 22 -14.7086 2.4891 131 14.8217
6.19 -113 18 -12.7851 2.0366 114 12.8983
6.23 -95 14 -10.7486 1.584 96 10.8617
6.27 -75 12 -8.4857 1.3577 75 8.4857
6.31 -56 10 -6.336 1.1314 56 6.336
6.35 -34 9 -3.8469 1.0183 35 3.96
6.4 -13 9 -1.4709 1.0183 15 1.6971
6.44 7 10 0.792 1.1314 12 1.3577
6.48 27 11 3.0549 1.2446 29 3.2811
6.52 48 16 5.4309 1.8103 50 5.6571
6.56 65 19 7.3543 2.1497 67 7.5806
6.6 82 20 9.2777 2.2629 84 9.504
6.65 98 23 11.088 2.6023 100 11.3143
6.69 108 24 12.2194 2.7154 110 12.4457
6.73 119 27 13.464 3.0549 122 13.8034
6.77 128 29 14.4823 3.2811 131 14.8217
6.81 133 30 15.048 3.3943 136 15.3874
6.85 135 31 15.2743 3.5074 138 15.6137
6.9 136 31 15.3874 3.5074 139 15.7269
6.94 133 30 15.048 3.3943 136 15.3874
6.98 130 29 14.7086 3.2811 133 15.048
7.02 123 27 13.9166 3.0549 125 14.1429
7.06 117 26 13.2377 2.9417 119 13.464
7.1 107 25 12.1063 2.8286 109 12.3326
7.14 95 22 10.7486 2.4891 97 10.9749
7.18 83 19 9.3909 2.1497 85 9.6171
7.22 66 16 7.4674 1.8103 67 7.5806
7.26 50 13 5.6571 1.4709 51 5.7703
7.3 36 11 4.0731 1.2446 37 4.1863
7.34 20 8 2.2629 0.9051 21 2.376
7.38 6 9 0.6789 1.0183 10 1.1314
7.42 -8 8 -0.9051 0.9051 11 1.2446
7.46 -26 9 -2.9417 1.0183 27 3.0549
7.5 -38 9 -4.2994 1.0183 39 4.4126
7.54 -52 10 -5.8834 1.1314 52 5.8834
7.58 -64 11 -7.2411 1.2446 64 7.2411
7.62 -75 13 -8.4857 1.4709 76 8.5989
7.66 -84 14 -9.504 1.584 85 9.6171
7.7 -93 16 -10.5223 1.8103 94 10.6354
7.74 -99 16 -11.2011 1.8103 100 11.3143
7.78 -103 16 -11.6537 1.8103 104 11.7669
7.82 -105 16 -11.88 1.8103 106 11.9931
7.86 -107 17 -12.1063 1.9234 108 12.2194
7.9 -109 17 -12.3326 1.9234 110 12.4457
7.94 -107 17 -12.1063 1.9234 108 12.2194
7.98 -105 17 -11.88 1.9234 106 11.9931
8.03 -100 17 -11.3143 1.9234 101 11.4274
8.07 -95 16 -10.7486 1.8103 96 10.8617
8.11 -88 16 -9.9566 1.8103 89 10.0697
8.15 -80 14 -9.0514 1.584 81 9.1646
8.19 -72 14 -8.1463 1.584 73 8.2594
8.23 -63 13 -7.128 1.4709 64 7.2411
8.27 -53 12 -5.9966 1.3577 54 6.1097
8.32 -40 10 -4.5257 1.1314 41 4.6389
8.36 -30 8 -3.3943 0.9051 31 3.5074
8.4 -20 8 -2.2629 0.9051 21 2.376
8.44 -10 9 -1.1314 1.0183 13 1.4709
8.48 1 9 0.1131 1.0183 9 1.0183
8.52 11 9 1.2446 1.0183 14 1.584
8.56 23 10 2.6023 1.1314 25 2.8286
8.6 32 12 3.6206 1.3577 34 3.8469
8.64 41 13 4.6389 1.4709 43 4.8651
8.68 50 16 5.6571 1.8103 52 5.8834
8.72 56 17 6.336 1.9234 58 6.5623
8.76 63 18 7.128 2.0366 65 7.3543
8.8 68 19 7.6937 2.1497 70 7.92
8.84 72 21 8.1463 2.376 75 8.4857
8.88 74 21 8.3726 2.376 76 8.5989
8.92 76 22 8.5989 2.4891 79 8.9383
8.96 74 20 8.3726 2.2629 76 8.5989
9.0 74 21 8.3726 2.376 76 8.5989
9.04 72 20 8.1463 2.2629 74 8.3726
9.08 69 20 7.8069 2.2629 71 8.0331
9.12 66 19 7.4674 2.1497 68 7.6937
9.16 60 17 6.7886 1.9234 62 7.0149
9.2 54 16 6.1097 1.8103 56 6.336
9.24 46 15 5.2046 1.6971 48 5.4309
9.28 38 16 4.2994 1.8103 41 4.6389
9.32 30 15 3.3943 1.6971 33 3.7337
9.36 22 13 2.4891 1.4709 25 2.8286
9.4 13 13 1.4709 1.4709 18 2.0366
9.45 7 12 0.792 1.3577 13 1.4709
9.49 -1 12 -0.1131 1.3577 12 1.3577
9.53 -9 11 -1.0183 1.2446 14 1.584
9.57 -16 11 -1.8103 1.2446 19 2.1497
9.61 -24 8 -2.7154 0.9051 25 2.8286
9.65 -31 10 -3.5074 1.1314 32 3.6206
9.7 -37 10 -4.1863 1.1314 38 4.2994
9.74 -42 9 -4.752 1.0183 42 4.752
9.78 -46 9 -5.2046 1.0183 46 5.2046
9.82 -50 9 -5.6571 1.0183 50 5.6571
9.86 -54 10 -6.1097 1.1314 54 6.1097
9.9 -56 10 -6.336 1.1314 56 6.336
9.94 -59 10 -6.6754 1.1314 59 6.6754
9.98 -61 11 -6.9017 1.2446 61 6.9017
10.02 -61 10 -6.9017 1.1314 61 6.9017
10.07 -61 11 -6.9017 1.2446 61 6.9017
10.11 -59 10 -6.6754 1.1314 59 6.6754
10.15 -57 11 -6.4491 1.2446 58 6.5623
10.19 -55 9 -6.2229 1.0183 55 6.2229
10.22 -50 9 -5.6571 1.0183 50 5.6571
10.27 -48 9 -5.4309 1.0183 48 5.4309
10.31 -44 9 -4.9783 1.0183 44 4.9783
10.36 -39 10 -4.4126 1.1314 40 4.5257
10.4 -33 9 -3.7337 1.0183 34 3.8469
10.44 -30 10 -3.3943 1.1314 31 3.5074
10.48 -23 10 -2.6023 1.1314 25 2.8286
10.52 -16 11 -1.8103 1.2446 19 2.1497
10.56 -10 11 -1.1314 1.2446 14 1.584
10.6 -1 11 -0.1131 1.2446 11 1.2446
10.64 4 12 0.4526 1.3577 12 1.3577
10.68 11 12 1.2446 1.3577 16 1.8103
10.72 16 13 1.8103 1.4709 20 2.2629
10.76 22 14 2.4891 1.584 26 2.9417
10.8 27 15 3.0549 1.6971 30 3.3943
10.84 32 14 3.6206 1.584 34 3.8469
10.88 37 15 4.1863 1.6971 39 4.4126
10.92 40 14 4.5257 1.584 42 4.752
10.97 42 14 4.752 1.584 44 4.9783
11.01 44 14 4.9783 1.584 46 5.2046
11.05 46 14 5.2046 1.584 48 5.4309
11.09 46 14 5.2046 1.584 48 5.4309
11.13 46 14 5.2046 1.584 48 5.4309
11.17 45 14 5.0914 1.584 47 5.3177
11.21 43 13 4.8651 1.4709 44 4.9783
11.26 41 13 4.6389 1.4709 43 4.8651
11.3 39 13 4.4126 1.4709 41 4.6389
11.34 35 13 3.96 1.4709 37 4.1863
11.38 32 13 3.6206 1.4709 34 3.8469
11.42 28 13 3.168 1.4709 30 3.3943
11.46 23 12 2.6023 1.3577 25 2.8286
11.5 18 12 2.0366 1.3577 21 2.376
11.54 13 12 1.4709 1.3577 17 1.9234
11.58 9 11 1.0183 1.2446 14 1.584
11.62 3 11 0.3394 1.2446 11 1.2446
11.66 -3 10 -0.3394 1.1314 10 1.1314
11.7 -8 10 -0.9051 1.1314 12 1.3577
11.74 -13 10 -1.4709 1.1314 16 1.8103
11.78 -18 10 -2.0366 1.1314 20 2.2629
11.82 -22 8 -2.4891 0.9051 23 2.6023
11.86 -26 9 -2.9417 1.0183 27 3.0549
11.9 -31 9 -3.5074 1.0183 32 3.6206
11.94 -34 10 -3.8469 1.1314 35 3.96
11.98 -35 9 -3.96 1.0183 36 4.0731
12.02 -38 9 -4.2994 1.0183 39 4.4126
12.06 -39 7 -4.4126 0.792 39 4.4126
12.1 -40 7 -4.5257 0.792 40 4.5257
12.14 -41 8 -4.6389 0.9051 41 4.6389
12.18 -41 10 -4.6389 1.1314 42 4.752
12.22 -41 9 -4.6389 1.0183 41 4.6389
12.27 -40 9 -4.5257 1.0183 41 4.6389
12.3 -38 9 -4.2994 1.0183 39 4.4126
12.35 -37 8 -4.1863 0.9051 37 4.1863
12.4 -34 10 -3.8469 1.1314 35 3.96
12.44 -31 9 -3.5074 1.0183 32 3.6206
12.48 -29 9 -3.2811 1.0183 30 3.3943
12.52 -25 9 -2.8286 1.0183 26 2.9417
12.56 -21 10 -2.376 1.1314 23 2.6023
12.6 -18 10 -2.0366 1.1314 20 2.2629
12.64 -15 10 -1.6971 1.1314 18 2.0366
12.69 -10 10 -1.1314 1.1314 14 1.584
12.73 -7 11 -0.792 1.2446 13 1.4709
12.77 -2 11 -0.2263 1.2446 11 1.2446
12.81 2 10 0.2263 1.1314 10 1.1314
12.85 7 10 0.792 1.1314 12 1.3577
12.89 11 11 1.2446 1.2446 15 1.6971
12.93 15 13 1.6971 1.4709 19 2.1497
12.98 18 14 2.0366 1.584 22 2.4891
13.01 22 14 2.4891 1.584 26 2.9417
13.05 25 14 2.8286 1.584 28 3.168
13.1 27 14 3.0549 1.584 30 3.3943
13.14 28 14 3.168 1.584 31 3.5074
13.17 30 14 3.3943 1.584 33 3.7337
13.21 32 14 3.6206 1.584 34 3.8469
13.26 33 14 3.7337 1.584 35 3.96
13.3 34 15 3.8469 1.6971 37 4.1863
13.34 33 15 3.7337 1.6971 36 4.0731
13.38 32 13 3.6206 1.4709 34 3.8469
13.42 30 13 3.3943 1.4709 32 3.6206
13.46 28 13 3.168 1.4709 30 3.3943
13.5 27 13 3.0549 1.4709 29 3.2811
13.54 25 13 2.8286 1.4709 28 3.168
13.58 22 13 2.4891 1.4709 25 2.8286
13.62 19 13 2.1497 1.4709 23 2.6023
13.66 14 13 1.584 1.4709 19 2.1497
13.7 10 12 1.1314 1.3577 15 1.6971
13.74 8 12 0.9051 1.3577 14 1.584
13.78 4 11 0.4526 1.2446 11 1.2446
13.82 1 11 0.1131 1.2446 11 1.2446
13.86 -2 12 -0.2263 1.3577 12 1.3577
13.91 -6 11 -0.6789 1.2446 12 1.3577
13.95 -9 9 -1.0183 1.0183 12 1.3577
13.99 -12 10 -1.3577 1.1314 15 1.6971
14.03 -15 10 -1.6971 1.1314 18 2.0366
14.08 -17 10 -1.9234 1.1314 19 2.1497
14.12 -20 10 -2.2629 1.1314 22 2.4891
14.16 -22 8 -2.4891 0.9051 23 2.6023
14.2 -23 8 -2.6023 0.9051 24 2.7154
14.24 -24 8 -2.7154 0.9051 25 2.8286
14.29 -24 7 -2.7154 0.792 25 2.8286
14.32 -26 9 -2.9417 1.0183 27 3.0549
14.36 -27 11 -3.0549 1.2446 29 3.2811
14.4 -26 11 -2.9417 1.2446 28 3.168
14.44 -25 10 -2.8286 1.1314 26 2.9417
14.48 -24 12 -2.7154 1.3577 26 2.9417
14.52 -23 12 -2.6023 1.3577 25 2.8286
14.57 -21 12 -2.376 1.3577 24 2.7154
14.61 -19 12 -2.1497 1.3577 22 2.4891
14.65 -17 12 -1.9234 1.3577 20 2.2629
14.69 -16 13 -1.8103 1.4709 20 2.2629
14.73 -13 13 -1.4709 1.4709 18 2.0366
14.77 -11 13 -1.2446 1.4709 17 1.9234
14.81 -9 13 -1.0183 1.4709 15 1.6971
14.85 -6 11 -0.6789 1.2446 12 1.3577
14.89 -4 11 -0.4526 1.2446 11 1.2446
14.93 -1 11 -0.1131 1.2446 11 1.2446
14.97 3 11 0.3394 1.2446 11 1.2446
15.01 5 11 0.5657 1.2446 12 1.3577
15.05 9 11 1.0183 1.2446 14 1.584
15.09 11 11 1.2446 1.2446 15 1.6971
15.13 12 11 1.3577 1.2446 16 1.8103
15.17 15 11 1.6971 1.2446 18 2.0366
15.21 17 10 1.9234 1.1314 19 2.1497
15.25 18 11 2.0366 1.2446 21 2.376
15.29 20 11 2.2629 1.2446 22 2.4891
15.34 21 13 2.376 1.4709 24 2.7154
15.38 22 13 2.4891 1.4709 25 2.8286
15.42 21 15 2.376 1.6971 25 2.8286
15.47 22 14 2.4891 1.584 26 2.9417
15.51 21 14 2.376 1.584 25 2.8286
15.55 20 13 2.2629 1.4709 23 2.6023
15.59 20 12 2.2629 1.3577 23 2.6023
15.63 19 12 2.1497 1.3577 22 2.4891
15.67 17 12 1.9234 1.3577 20 2.2629
15.72 16 12 1.8103 1.3577 20 2.2629
15.76 14 12 1.584 1.3577 18 2.0366
15.8 11 13 1.2446 1.4709 17 1.9234
15.84 11 15 1.2446 1.6971 18 2.0366
15.88 8 13 0.9051 1.4709 15 1.6971
15.92 6 13 0.6789 1.4709 14 1.584
15.96 4 12 0.4526 1.3577 12 1.3577
16.0 2 11 0.2263 1.2446 11 1.2446
16.04 -1 13 -0.1131 1.4709 13 1.4709
16.08 -4 13 -0.4526 1.4709 13 1.4709
16.11 -5 13 -0.5657 1.4709 13 1.4709
16.15 -7 13 -0.792 1.4709 14 1.584
16.2 -8 12 -0.9051 1.3577 14 1.584
16.24 -10 12 -1.1314 1.3577 15 1.6971
16.28 -11 12 -1.2446 1.3577 16 1.8103
16.32 -13 12 -1.4709 1.3577 17 1.9234
16.36 -14 12 -1.584 1.3577 18 2.0366
16.4 -15 11 -1.6971 1.2446 18 2.0366
16.44 -15 11 -1.6971 1.2446 18 2.0366
16.48 -16 12 -1.8103 1.3577 20 2.2629
16.52 -16 11 -1.8103 1.2446 19 2.1497
16.56 -16 11 -1.8103 1.2446 19 2.1497
16.6 -16 11 -1.8103 1.2446 19 2.1497
16.63 -16 11 -1.8103 1.2446 19 2.1497
16.68 -15 11 -1.6971 1.2446 18 2.0366
16.72 -14 11 -1.584 1.2446 17 1.9234
16.76 -13 11 -1.4709 1.2446 17 1.9234
16.8 -12 10 -1.3577 1.1314 15 1.6971
16.84 -10 10 -1.1314 1.1314 14 1.584
16.88 -9 11 -1.0183 1.2446 14 1.584
16.92 -8 11 -0.9051 1.2446 13 1.4709
16.96 -7 11 -0.792 1.2446 13 1.4709
17.01 -5 11 -0.5657 1.2446 12 1.3577
17.06 -4 11 -0.4526 1.2446 11 1.2446
17.1 -2 11 -0.2263 1.2446 11 1.2446
17.14 -1 12 -0.1131 1.3577 12 1.3577
17.18 1 12 0.1131 1.3577 12 1.3577
17.22 4 12 0.4526 1.3577 12 1.3577
17.26 6 12 0.6789 1.3577 13 1.4709
17.3 8 13 0.9051 1.4709 15 1.6971
17.34 10 14 1.1314 1.584 17 1.9234
17.38 12 13 1.3577 1.4709 17 1.9234
17.42 13 13 1.4709 1.4709 18 2.0366
17.46 15 13 1.6971 1.4709 19 2.1497
17.5 14 13 1.584 1.4709 19 2.1497
17.54 14 13 1.584 1.4709 19 2.1497
17.58 15 13 1.6971 1.4709 19 2.1497
17.62 15 13 1.6971 1.4709 19 2.1497
17.66 15 13 1.6971 1.4709 19 2.1497
17.7 14 13 1.584 1.4709 19 2.1497
17.74 14 13 1.584 1.4709 19 2.1497
17.78 12 14 1.3577 1.584 18 2.0366
17.82 11 14 1.2446 1.584 17 1.9234
17.86 10 14 1.1314 1.584 17 1.9234
17.9 8 14 0.9051 1.584 16 1.8103
17.94 6 13 0.6789 1.4709 14 1.584
17.98 5 13 0.5657 1.4709 13 1.4709
18.02 3 12 0.3394 1.3577 12 1.3577
18.06 2 13 0.2263 1.4709 13 1.4709
18.1 0 11 0.0 1.2446 11 1.2446
18.14 -2 11 -0.2263 1.2446 11 1.2446
18.18 -4 11 -0.4526 1.2446 11 1.2446
18.23 -5 11 -0.5657 1.2446 12 1.3577
18.27 -3 11 -0.3394 1.2446 11 1.2446
18.31 -4 12 -0.4526 1.3577 12 1.3577
18.35 -4 11 -0.4526 1.2446 11 1.2446
18.39 -5 11 -0.5657 1.2446 12 1.3577
18.44 -5 11 -0.5657 1.2446 12 1.3577
18.48 -6 11 -0.6789 1.2446 12 1.3577
18.52 -6 11 -0.6789 1.2446 12 1.3577
18.56 -7 11 -0.792 1.2446 13 1.4709
18.6 -6 10 -0.6789 1.1314 11 1.2446
18.65 -5 11 -0.5657 1.2446 12 1.3577
18.69 -5 10 -0.5657 1.1314 11 1.2446
18.73 -3 11 -0.3394 1.2446 11 1.2446
18.77 -3 12 -0.3394 1.3577 12 1.3577
18.81 -2 12 -0.2263 1.3577 12 1.3577
18.85 -1 11 -0.1131 1.2446 11 1.2446
18.89 0 11 0.0 1.2446 11 1.2446
18.93 2 11 0.2263 1.2446 11 1.2446
18.97 3 12 0.3394 1.3577 12 1.3577
19.01 5 11 0.5657 1.2446 12 1.3577
19.05 6 12 0.6789 1.3577 13 1.4709
19.09 8 12 0.9051 1.3577 14 1.584
19.13 9 11 1.0183 1.2446 14 1.584
19.17 10 12 1.1314 1.3577 15 1.6971
19.21 11 12 1.2446 1.3577 16 1.8103
19.25 11 13 1.2446 1.4709 17 1.9234
19.29 11 13 1.2446 1.4709 17 1.9234
19.33 12 13 1.3577 1.4709 17 1.9234
19.37 12 13 1.3577 1.4709 17 1.9234
19.41 11 13 1.2446 1.4709 17 1.9234
19.45 10 13 1.1314 1.4709 16 1.8103
19.49 9 14 1.0183 1.584 16 1.8103
19.53 9 13 1.0183 1.4709 15 1.6971
19.57 8 13 0.9051 1.4709 15 1.6971
19.61 7 14 0.792 1.584 15 1.6971
19.65 6 12 0.6789 1.3577 13 1.4709
19.69 4 11 0.4526 1.2446 11 1.2446
19.73 4 11 0.4526 1.2446 11 1.2446
19.78 2 11 0.2263 1.2446 11 1.2446
19.82 1 11 0.1131 1.2446 11 1.2446
19.86 -1 11 -0.1131 1.2446 11 1.2446
19.9 -1 11 -0.1131 1.2446 11 1.2446
19.94 -2 11 -0.2263 1.2446 11 1.2446
19.98 -2 11 -0.2263 1.2446 11 1.2446
20.03 -3 11 -0.3394 1.2446 11 1.2446
20.07 -3 11 -0.3394 1.2446 11 1.2446
20.11 -4 12 -0.4526 1.3577 12 1.3577
20.15 -4 11 -0.4526 1.2446 11 1.2446
20.19 -4 11 -0.4526 1.2446 11 1.2446
20.23 -4 12 -0.4526 1.3577 12 1.3577
20.27 -2 12 -0.2263 1.3577 12 1.3577
20.31 -1 13 -0.1131 1.4709 13 1.4709
20.35 -1 13 -0.1131 1.4709 13 1.4709
